# Time , Side-Flux
0.0000e+00,0.0000e+00
1.0000e+01,6.4355e-09
2.0000e+01,1.0697e-08
3.0000e+01,1.3025e-08
4.0000e+01,1.4270e-08
5.0000e+01,1.4963e-08
6.0000e+01,1.5368e-08
7.0000e+01,1.5615e-08
8.0000e+01,1.5772e-08
9.0000e+01,1.5876e-08
1.0000e+02,1.5948e-08
1.1000e+02,1.5998e-08
1.2000e+02,1.6034e-08
1.3000e+02,1.6060e-08
1.4000e+02,1.6080e-08
1.5000e+02,1.6096e-08
1.6000e+02,1.6107e-08
1.7000e+02,1.6116e-08
1.8000e+02,1.6124e-08
1.9000e+02,1.6130e-08
2.0000e+02,1.6136e-08
2.1000e+02,1.6141e-08
2.2000e+02,1.6144e-08
2.3000e+02,1.6147e-08
2.4000e+02,1.6149e-08
2.5000e+02,1.6150e-08
2.6000e+02,1.6151e-08
2.7000e+02,1.6151e-08
2.8000e+02,1.6152e-08
2.9000e+02,1.6155e-08
3.0000e+02,1.6155e-08
3.1000e+02,1.6154e-08
3.2000e+02,1.6156e-08
3.3000e+02,1.6162e-08
3.4000e+02,1.6165e-08
3.5000e+02,1.6160e-08
3.6000e+02,1.6156e-08
3.7000e+02,1.6159e-08
3.8000e+02,1.6165e-08
3.9000e+02,1.6170e-08
4.0000e+02,1.6171e-08
4.1000e+02,1.6169e-08
4.2000e+02,1.6166e-08
4.3000e+02,1.6164e-08
4.4000e+02,1.6166e-08
4.5000e+02,1.6168e-08
4.6000e+02,1.6169e-08
4.7000e+02,1.6168e-08
4.8000e+02,1.6167e-08
4.9000e+02,1.6166e-08
5.0000e+02,1.6166e-08
5.1000e+02,1.6166e-08
5.2000e+02,1.6166e-08
5.3000e+02,1.6166e-08
5.4000e+02,1.6166e-08
5.5000e+02,1.6165e-08
5.6000e+02,1.6163e-08
5.7000e+02,1.6162e-08
5.8000e+02,1.6159e-08
5.9000e+02,1.6157e-08
6.0000e+02,1.6162e-08
6.1000e+02,1.6172e-08
6.2000e+02,1.6176e-08
6.3000e+02,1.6168e-08
6.4000e+02,1.6159e-08
6.5000e+02,1.6157e-08
6.6000e+02,1.6163e-08
6.7000e+02,1.6171e-08
6.8000e+02,1.6172e-08
6.9000e+02,1.6156e-08
7.0000e+02,1.6139e-08
7.1000e+02,1.6133e-08
7.2000e+02,1.6137e-08
7.3000e+02,1.6149e-08
7.4000e+02,1.6161e-08
7.5000e+02,1.6160e-08
7.6000e+02,1.6153e-08
7.7000e+02,1.6146e-08
7.8000e+02,1.6139e-08
7.9000e+02,1.6132e-08
8.0000e+02,1.6129e-08
8.1000e+02,1.6134e-08
8.2000e+02,1.6143e-08
8.3000e+02,1.6158e-08
8.4000e+02,1.6172e-08
8.5000e+02,1.6172e-08
8.6000e+02,1.6163e-08
8.7000e+02,1.6157e-08
8.8000e+02,1.6153e-08
8.9000e+02,1.6145e-08
9.0000e+02,1.6129e-08
9.1000e+02,1.6119e-08
9.2000e+02,1.6130e-08
9.3000e+02,1.6148e-08
9.4000e+02,1.6158e-08
9.5000e+02,1.6150e-08
9.6000e+02,1.6132e-08
9.7000e+02,1.6134e-08
9.8000e+02,1.6151e-08
9.9000e+02,1.6159e-08
1.0000e+03,1.6150e-08
1.0100e+03,1.6120e-08
1.0200e+03,1.6096e-08
1.0300e+03,1.6106e-08
1.0400e+03,1.6112e-08
1.0500e+03,1.6095e-08
1.0600e+03,1.6081e-08
1.0700e+03,1.6067e-08
1.0800e+03,1.6063e-08
1.0900e+03,1.6090e-08
1.1000e+03,1.6138e-08
1.1100e+03,1.6154e-08
1.1200e+03,1.6138e-08
1.1300e+03,1.6123e-08
1.1400e+03,1.6114e-08
1.1500e+03,1.6108e-08
1.1600e+03,1.6102e-08
1.1700e+03,1.6103e-08
1.1800e+03,1.6110e-08
1.1900e+03,1.6111e-08
1.2000e+03,1.6105e-08
1.2100e+03,1.6099e-08
1.2200e+03,1.6096e-08
1.2300e+03,1.6095e-08
1.2400e+03,1.6101e-08
1.2500e+03,1.6114e-08
1.2600e+03,1.6124e-08
1.2700e+03,1.6121e-08
1.2800e+03,1.6113e-08
1.2900e+03,1.6109e-08
1.3000e+03,1.6102e-08
1.3100e+03,1.6091e-08
1.3200e+03,1.6090e-08
1.3300e+03,1.6097e-08
1.3400e+03,1.6096e-08
1.3500e+03,1.6099e-08
1.3600e+03,1.6108e-08
1.3700e+03,1.6115e-08
1.3800e+03,1.6128e-08
1.3900e+03,1.6136e-08
1.4000e+03,1.6133e-08
1.4100e+03,1.6123e-08
1.4200e+03,1.6113e-08
1.4300e+03,1.6109e-08
1.4400e+03,1.6108e-08
1.4500e+03,1.6108e-08
1.4600e+03,1.6108e-08
1.4700e+03,1.6108e-08
1.4800e+03,1.6108e-08
1.4900e+03,1.6108e-08
1.5000e+03,1.6108e-08
1.5100e+03,1.6108e-08
1.5200e+03,1.6108e-08
1.5300e+03,1.6108e-08
1.5400e+03,1.6108e-08
1.5500e+03,1.6108e-08
1.5600e+03,1.6108e-08
1.5700e+03,1.6108e-08
1.5800e+03,1.6106e-08
1.5900e+03,1.6103e-08
1.6000e+03,1.6103e-08
1.6100e+03,1.6104e-08
1.6200e+03,1.6098e-08
1.6300e+03,1.6093e-08
1.6400e+03,1.6096e-08
1.6500e+03,1.6109e-08
1.6600e+03,1.6119e-08
1.6700e+03,1.6117e-08
1.6800e+03,1.6107e-08
1.6900e+03,1.6094e-08
1.7000e+03,1.6090e-08
1.7100e+03,1.6095e-08
1.7200e+03,1.6092e-08
1.7300e+03,1.6084e-08
1.7400e+03,1.6091e-08
1.7500e+03,1.6110e-08
1.7600e+03,1.6121e-08
1.7700e+03,1.6117e-08
1.7800e+03,1.6109e-08
1.7900e+03,1.6101e-08
1.8000e+03,1.6094e-08
1.8100e+03,1.6090e-08
1.8200e+03,1.6085e-08
1.8300e+03,1.6081e-08
1.8400e+03,1.6084e-08
1.8500e+03,1.6097e-08
1.8600e+03,1.6114e-08
1.8700e+03,1.6113e-08
1.8800e+03,1.6098e-08
1.8900e+03,1.6088e-08
1.9000e+03,1.6091e-08
1.9100e+03,1.6104e-08
1.9200e+03,1.6104e-08
1.9300e+03,1.6094e-08
1.9400e+03,1.6095e-08
1.9500e+03,1.6107e-08
1.9600e+03,1.6114e-08
1.9700e+03,1.6111e-08
1.9800e+03,1.6101e-08
1.9900e+03,1.6088e-08
2.0000e+03,1.6078e-08
2.0100e+03,1.6083e-08
2.0200e+03,1.6103e-08
2.0300e+03,1.6115e-08
2.0400e+03,1.6098e-08
2.0500e+03,1.6081e-08
2.0600e+03,1.6100e-08
2.0700e+03,1.6119e-08
2.0800e+03,1.6110e-08
2.0900e+03,1.6093e-08
2.1000e+03,1.6086e-08
2.1100e+03,1.6101e-08
2.1200e+03,1.6111e-08
2.1300e+03,1.6094e-08
2.1400e+03,1.6065e-08
2.1500e+03,1.6053e-08
2.1600e+03,1.6068e-08
2.1700e+03,1.6089e-08
2.1800e+03,1.6096e-08
2.1900e+03,1.6101e-08
2.2000e+03,1.6107e-08
2.2100e+03,1.6101e-08
2.2200e+03,1.6097e-08
2.2300e+03,1.6103e-08
2.2400e+03,1.6105e-08
2.2500e+03,1.6092e-08
2.2600e+03,1.6076e-08
2.2700e+03,1.6073e-08
2.2800e+03,1.6078e-08
2.2900e+03,1.6080e-08
2.3000e+03,1.6078e-08
2.3100e+03,1.6075e-08
2.3200e+03,1.6075e-08
2.3300e+03,1.6078e-08
2.3400e+03,1.6083e-08
2.3500e+03,1.6089e-08
2.3600e+03,1.6092e-08
2.3700e+03,1.6088e-08
2.3800e+03,1.6089e-08
2.3900e+03,1.6100e-08
2.4000e+03,1.6116e-08
2.4100e+03,1.6127e-08
2.4200e+03,1.6122e-08
2.4300e+03,1.6101e-08
2.4400e+03,1.6076e-08
2.4500e+03,1.6056e-08
2.4600e+03,1.6043e-08
2.4700e+03,1.6034e-08
2.4800e+03,1.6034e-08
2.4900e+03,1.6047e-08
2.5000e+03,1.6068e-08
2.5100e+03,1.6080e-08
2.5200e+03,1.6079e-08
2.5300e+03,1.6073e-08
2.5400e+03,1.6070e-08
2.5500e+03,1.6069e-08
2.5600e+03,1.6069e-08
2.5700e+03,1.6069e-08
2.5800e+03,1.6069e-08
2.5900e+03,1.6071e-08
2.6000e+03,1.6071e-08
2.6100e+03,1.6071e-08
2.6200e+03,1.6070e-08
2.6300e+03,1.6067e-08
2.6400e+03,1.6063e-08
2.6500e+03,1.6057e-08
2.6600e+03,1.6059e-08
2.6700e+03,1.6084e-08
2.6800e+03,1.6125e-08
2.6900e+03,1.6162e-08
2.7000e+03,1.6173e-08
2.7100e+03,1.6147e-08
2.7200e+03,1.6095e-08
2.7300e+03,1.6044e-08
2.7400e+03,1.6011e-08
2.7500e+03,1.5991e-08
2.7600e+03,1.5977e-08
2.7700e+03,1.5968e-08
2.7800e+03,1.5960e-08
2.7900e+03,1.5953e-08
2.8000e+03,1.5949e-08
2.8100e+03,1.5947e-08
2.8200e+03,1.5946e-08
2.8300e+03,1.5949e-08
2.8400e+03,1.5956e-08
2.8500e+03,1.5962e-08
2.8600e+03,1.5960e-08
2.8700e+03,1.5944e-08
2.8800e+03,1.5908e-08
2.8900e+03,1.5859e-08
2.9000e+03,1.5815e-08
2.9100e+03,1.5794e-08
2.9200e+03,1.5794e-08
2.9300e+03,1.5819e-08
2.9400e+03,1.5859e-08
2.9500e+03,1.5899e-08
2.9600e+03,1.5935e-08
2.9700e+03,1.5965e-08
2.9800e+03,1.5986e-08
2.9900e+03,1.5987e-08
3.0000e+03,1.5962e-08
3.0100e+03,1.5924e-08
3.0200e+03,1.5890e-08
3.0300e+03,1.5863e-08
3.0400e+03,1.5844e-08
3.0500e+03,1.5843e-08
3.0600e+03,1.5867e-08
3.0700e+03,1.5911e-08
3.0800e+03,1.5957e-08
3.0900e+03,1.5964e-08
3.1000e+03,1.5935e-08
3.1100e+03,1.5854e-08
3.1200e+03,1.5712e-08
3.1300e+03,1.5550e-08
3.1400e+03,1.5407e-08
3.1500e+03,1.5297e-08
3.1600e+03,1.5220e-08
3.1700e+03,1.5161e-08
3.1800e+03,1.5113e-08
3.1900e+03,1.5083e-08
3.2000e+03,1.5066e-08
3.2100e+03,1.5062e-08
3.2200e+03,1.5073e-08
3.2300e+03,1.5092e-08
3.2400e+03,1.5104e-08
3.2500e+03,1.5096e-08
3.2600e+03,1.5068e-08
3.2700e+03,1.5026e-08
3.2800e+03,1.4982e-08
3.2900e+03,1.4937e-08
3.3000e+03,1.4879e-08
3.3100e+03,1.4814e-08
3.3200e+03,1.4767e-08
3.3300e+03,1.4741e-08
3.3400e+03,1.4727e-08
3.3500e+03,1.4717e-08
3.3600e+03,1.4716e-08
3.3700e+03,1.4725e-08
3.3800e+03,1.4743e-08
3.3900e+03,1.4773e-08
3.4000e+03,1.4809e-08
3.4100e+03,1.4848e-08
3.4200e+03,1.4897e-08
3.4300e+03,1.4966e-08
3.4400e+03,1.5039e-08
3.4500e+03,1.5096e-08
3.4600e+03,1.5133e-08
3.4700e+03,1.5160e-08
3.4800e+03,1.5188e-08
3.4900e+03,1.5219e-08
3.5000e+03,1.5263e-08
3.5100e+03,1.5304e-08
3.5200e+03,1.5317e-08
3.5300e+03,1.5307e-08
3.5400e+03,1.5295e-08
3.5500e+03,1.5288e-08
3.5600e+03,1.5284e-08
3.5700e+03,1.5283e-08
3.5800e+03,1.5283e-08
3.5900e+03,1.5283e-08
3.6000e+03,1.5283e-08
3.6100e+03,1.5283e-08
3.6200e+03,1.5283e-08
3.6300e+03,1.5281e-08
3.6400e+03,1.5279e-08
3.6500e+03,1.5279e-08
3.6600e+03,1.5288e-08
3.6700e+03,1.5303e-08
3.6800e+03,1.5317e-08
3.6900e+03,1.5323e-08
3.7000e+03,1.5320e-08
3.7100e+03,1.5310e-08
3.7200e+03,1.5305e-08
3.7300e+03,1.5305e-08
3.7400e+03,1.5316e-08
3.7500e+03,1.5355e-08
3.7600e+03,1.5416e-08
3.7700e+03,1.5473e-08
3.7800e+03,1.5514e-08
3.7900e+03,1.5536e-08
3.8000e+03,1.5535e-08
3.8100e+03,1.5535e-08
3.8200e+03,1.5550e-08
3.8300e+03,1.5563e-08
3.8400e+03,1.5559e-08
3.8500e+03,1.5545e-08
3.8600e+03,1.5532e-08
3.8700e+03,1.5517e-08
3.8800e+03,1.5486e-08
3.8900e+03,1.5446e-08
3.9000e+03,1.5411e-08
3.9100e+03,1.5369e-08
3.9200e+03,1.5314e-08
3.9300e+03,1.5278e-08
3.9400e+03,1.5270e-08
3.9500e+03,1.5267e-08
3.9600e+03,1.5267e-08
3.9700e+03,1.5276e-08
3.9800e+03,1.5301e-08
3.9900e+03,1.5346e-08
4.0000e+03,1.5406e-08
4.0100e+03,1.5480e-08
4.0200e+03,1.5576e-08
4.0300e+03,1.5688e-08
4.0400e+03,1.5830e-08
4.0500e+03,1.5988e-08
4.0600e+03,1.6134e-08
4.0700e+03,1.6291e-08
4.0800e+03,1.6498e-08
4.0900e+03,1.6779e-08
4.1000e+03,1.7126e-08
4.1100e+03,1.7456e-08
4.1200e+03,1.7722e-08
4.1300e+03,1.7922e-08
4.1400e+03,1.8080e-08
4.1500e+03,1.8216e-08
4.1600e+03,1.8324e-08
4.1700e+03,1.8379e-08
4.1800e+03,1.8377e-08
4.1900e+03,1.8337e-08
4.2000e+03,1.8282e-08
4.2100e+03,1.8236e-08
4.2200e+03,1.8211e-08
4.2300e+03,1.8205e-08
4.2400e+03,1.8207e-08
4.2500e+03,1.8207e-08
4.2600e+03,1.8206e-08
4.2700e+03,1.8203e-08
4.2800e+03,1.8201e-08
4.2900e+03,1.8199e-08
4.3000e+03,1.8197e-08
4.3100e+03,1.8198e-08
4.3200e+03,1.8202e-08
4.3300e+03,1.8207e-08
4.3400e+03,1.8211e-08
4.3500e+03,1.8213e-08
4.3600e+03,1.8214e-08
4.3700e+03,1.8214e-08
4.3800e+03,1.8216e-08
4.3900e+03,1.8218e-08
4.4000e+03,1.8217e-08
4.4100e+03,1.8214e-08
4.4200e+03,1.8209e-08
4.4300e+03,1.8204e-08
4.4400e+03,1.8201e-08
4.4500e+03,1.8200e-08
4.4600e+03,1.8199e-08
4.4700e+03,1.8196e-08
4.4800e+03,1.8192e-08
4.4900e+03,1.8188e-08
4.5000e+03,1.8185e-08
4.5100e+03,1.8187e-08
4.5200e+03,1.8189e-08
4.5300e+03,1.8189e-08
4.5400e+03,1.8185e-08
4.5500e+03,1.8183e-08
4.5600e+03,1.8186e-08
4.5700e+03,1.8192e-08
4.5800e+03,1.8197e-08
4.5900e+03,1.8199e-08
4.6000e+03,1.8199e-08
4.6100e+03,1.8199e-08
4.6200e+03,1.8199e-08
4.6300e+03,1.8198e-08
4.6400e+03,1.8198e-08
4.6500e+03,1.8197e-08
4.6600e+03,1.8193e-08
4.6700e+03,1.8185e-08
4.6800e+03,1.8172e-08
4.6900e+03,1.8157e-08
4.7000e+03,1.8137e-08
4.7100e+03,1.8112e-08
4.7200e+03,1.8078e-08
4.7300e+03,1.8022e-08
4.7400e+03,1.7947e-08
4.7500e+03,1.7871e-08
4.7600e+03,1.7799e-08
4.7700e+03,1.7739e-08
4.7800e+03,1.7694e-08
4.7900e+03,1.7636e-08
4.8000e+03,1.7541e-08
4.8100e+03,1.7440e-08
4.8200e+03,1.7356e-08
4.8300e+03,1.7278e-08
4.8400e+03,1.7222e-08
4.8500e+03,1.7207e-08
4.8600e+03,1.7207e-08
4.8700e+03,1.7198e-08
4.8800e+03,1.7181e-08
4.8900e+03,1.7165e-08
4.9000e+03,1.7156e-08
4.9100e+03,1.7161e-08
4.9200e+03,1.7190e-08
4.9300e+03,1.7241e-08
4.9400e+03,1.7272e-08
4.9500e+03,1.7260e-08
4.9600e+03,1.7239e-08
4.9700e+03,1.7238e-08
4.9800e+03,1.7265e-08
4.9900e+03,1.7322e-08
5.0000e+03,1.7397e-08
5.0100e+03,1.7463e-08
5.0200e+03,1.7508e-08
5.0300e+03,1.7536e-08
5.0400e+03,1.7557e-08
5.0500e+03,1.7562e-08
5.0600e+03,1.7545e-08
5.0700e+03,1.7509e-08
5.0800e+03,1.7440e-08
5.0900e+03,1.7347e-08
5.1000e+03,1.7290e-08
5.1100e+03,1.7330e-08
5.1200e+03,1.7445e-08
5.1300e+03,1.7577e-08
5.1400e+03,1.7702e-08
5.1500e+03,1.7802e-08
5.1600e+03,1.7881e-08
5.1700e+03,1.7944e-08
5.1800e+03,1.7996e-08
5.1900e+03,1.8037e-08
5.2000e+03,1.8048e-08
5.2100e+03,1.8018e-08
5.2200e+03,1.7963e-08
5.2300e+03,1.7902e-08
5.2400e+03,1.7854e-08
5.2500e+03,1.7839e-08
5.2600e+03,1.7840e-08
5.2700e+03,1.7829e-08
5.2800e+03,1.7813e-08
5.2900e+03,1.7796e-08
5.3000e+03,1.7770e-08
5.3100e+03,1.7735e-08
5.3200e+03,1.7699e-08
5.3300e+03,1.7659e-08
5.3400e+03,1.7615e-08
5.3500e+03,1.7567e-08
5.3600e+03,1.7527e-08
5.3700e+03,1.7506e-08
5.3800e+03,1.7500e-08
5.3900e+03,1.7496e-08
5.4000e+03,1.7495e-08
5.4100e+03,1.7493e-08
5.4200e+03,1.7488e-08
5.4300e+03,1.7473e-08
5.4400e+03,1.7439e-08
5.4500e+03,1.7375e-08
5.4600e+03,1.7287e-08
5.4700e+03,1.7228e-08
5.4800e+03,1.7242e-08
5.4900e+03,1.7284e-08
5.5000e+03,1.7315e-08
5.5100e+03,1.7336e-08
5.5200e+03,1.7353e-08
5.5300e+03,1.7366e-08
5.5400e+03,1.7368e-08
5.5500e+03,1.7357e-08
5.5600e+03,1.7342e-08
5.5700e+03,1.7332e-08
5.5800e+03,1.7327e-08
5.5900e+03,1.7327e-08
5.6000e+03,1.7327e-08
5.6100e+03,1.7324e-08
5.6200e+03,1.7322e-08
5.6300e+03,1.7321e-08
5.6400e+03,1.7321e-08
5.6500e+03,1.7321e-08
5.6600e+03,1.7322e-08
5.6700e+03,1.7322e-08
5.6800e+03,1.7322e-08
5.6900e+03,1.7322e-08
5.7000e+03,1.7322e-08
5.7100e+03,1.7323e-08
5.7200e+03,1.7323e-08
5.7300e+03,1.7323e-08
5.7400e+03,1.7325e-08
5.7500e+03,1.7324e-08
5.7600e+03,1.7314e-08
5.7700e+03,1.7293e-08
5.7800e+03,1.7270e-08
5.7900e+03,1.7243e-08
5.8000e+03,1.7216e-08
5.8100e+03,1.7191e-08
5.8200e+03,1.7175e-08
5.8300e+03,1.7189e-08
5.8400e+03,1.7240e-08
5.8500e+03,1.7284e-08
5.8600e+03,1.7286e-08
5.8700e+03,1.7255e-08
5.8800e+03,1.7219e-08
5.8900e+03,1.7193e-08
5.9000e+03,1.7181e-08
5.9100e+03,1.7176e-08
5.9200e+03,1.7173e-08
5.9300e+03,1.7170e-08
5.9400e+03,1.7167e-08
5.9500e+03,1.7172e-08
5.9600e+03,1.7186e-08
5.9700e+03,1.7204e-08
5.9800e+03,1.7227e-08
5.9900e+03,1.7254e-08
6.0000e+03,1.7279e-08
6.0100e+03,1.7302e-08
6.0200e+03,1.7328e-08
6.0300e+03,1.7341e-08
6.0400e+03,1.7329e-08
6.0500e+03,1.7296e-08
6.0600e+03,1.7239e-08
6.0700e+03,1.7156e-08
6.0800e+03,1.7036e-08
6.0900e+03,1.6894e-08
6.1000e+03,1.6754e-08
6.1100e+03,1.6619e-08
6.1200e+03,1.6508e-08
6.1300e+03,1.6437e-08
6.1400e+03,1.6414e-08
6.1500e+03,1.6417e-08
6.1600e+03,1.6421e-08
6.1700e+03,1.6401e-08
6.1800e+03,1.6317e-08
6.1900e+03,1.6181e-08
6.2000e+03,1.6030e-08
6.2100e+03,1.5851e-08
6.2200e+03,1.5644e-08
6.2300e+03,1.5454e-08
6.2400e+03,1.5315e-08
6.2500e+03,1.5223e-08
6.2600e+03,1.5163e-08
6.2700e+03,1.5115e-08
6.2800e+03,1.5071e-08
6.2900e+03,1.5045e-08
6.3000e+03,1.5047e-08
6.3100e+03,1.5072e-08
6.3200e+03,1.5113e-08
6.3300e+03,1.5163e-08
6.3400e+03,1.5210e-08
6.3500e+03,1.5253e-08
6.3600e+03,1.5292e-08
6.3700e+03,1.5324e-08
6.3800e+03,1.5342e-08
6.3900e+03,1.5343e-08
6.4000e+03,1.5338e-08
6.4100e+03,1.5335e-08
6.4200e+03,1.5336e-08
6.4300e+03,1.5337e-08
6.4400e+03,1.5335e-08
6.4500e+03,1.5335e-08
6.4600e+03,1.5346e-08
6.4700e+03,1.5374e-08
6.4800e+03,1.5414e-08
6.4900e+03,1.5446e-08
6.5000e+03,1.5461e-08
6.5100e+03,1.5467e-08
6.5200e+03,1.5473e-08
6.5300e+03,1.5464e-08
6.5400e+03,1.5426e-08
6.5500e+03,1.5373e-08
6.5600e+03,1.5340e-08
6.5700e+03,1.5359e-08
6.5800e+03,1.5411e-08
6.5900e+03,1.5451e-08
6.6000e+03,1.5472e-08
6.6100e+03,1.5483e-08
6.6200e+03,1.5487e-08
6.6300e+03,1.5491e-08
6.6400e+03,1.5494e-08
6.6500e+03,1.5495e-08
6.6600e+03,1.5495e-08
6.6700e+03,1.5494e-08
6.6800e+03,1.5494e-08
6.6900e+03,1.5493e-08
6.7000e+03,1.5492e-08
6.7100e+03,1.5491e-08
6.7200e+03,1.5491e-08
6.7300e+03,1.5491e-08
6.7400e+03,1.5497e-08
6.7500e+03,1.5511e-08
6.7600e+03,1.5532e-08
6.7700e+03,1.5547e-08
6.7800e+03,1.5547e-08
6.7900e+03,1.5527e-08
6.8000e+03,1.5492e-08
6.8100e+03,1.5444e-08
6.8200e+03,1.5386e-08
6.8300e+03,1.5325e-08
6.8400e+03,1.5278e-08
6.8500e+03,1.5271e-08
6.8600e+03,1.5289e-08
6.8700e+03,1.5302e-08
6.8800e+03,1.5299e-08
6.8900e+03,1.5298e-08
6.9000e+03,1.5320e-08
6.9100e+03,1.5365e-08
6.9200e+03,1.5409e-08
6.9300e+03,1.5438e-08
6.9400e+03,1.5456e-08
6.9500e+03,1.5465e-08
6.9600e+03,1.5465e-08
6.9700e+03,1.5475e-08
6.9800e+03,1.5508e-08
6.9900e+03,1.5564e-08
7.0000e+03,1.5633e-08
7.0100e+03,1.5689e-08
7.0200e+03,1.5705e-08
7.0300e+03,1.5691e-08
7.0400e+03,1.5668e-08
7.0500e+03,1.5649e-08
7.0600e+03,1.5636e-08
7.0700e+03,1.5620e-08
7.0800e+03,1.5613e-08
7.0900e+03,1.5631e-08
7.1000e+03,1.5693e-08
7.1100e+03,1.5816e-08
7.1200e+03,1.6003e-08
7.1300e+03,1.6189e-08
7.1400e+03,1.6307e-08
7.1500e+03,1.6358e-08
7.1600e+03,1.6405e-08
7.1700e+03,1.6534e-08
7.1800e+03,1.6718e-08
7.1900e+03,1.6899e-08
7.2000e+03,1.7014e-08
7.2100e+03,1.6996e-08
7.2200e+03,1.6880e-08
7.2300e+03,1.6728e-08
7.2400e+03,1.6575e-08
7.2500e+03,1.6457e-08
7.2600e+03,1.6396e-08
7.2700e+03,1.6376e-08
7.2800e+03,1.6374e-08
7.2900e+03,1.6376e-08
7.3000e+03,1.6376e-08
7.3100e+03,1.6373e-08
7.3200e+03,1.6369e-08
7.3300e+03,1.6366e-08
7.3400e+03,1.6365e-08
7.3500e+03,1.6365e-08
7.3600e+03,1.6365e-08
7.3700e+03,1.6364e-08
7.3800e+03,1.6365e-08
7.3900e+03,1.6379e-08
7.4000e+03,1.6405e-08
7.4100e+03,1.6444e-08
7.4200e+03,1.6497e-08
7.4300e+03,1.6548e-08
7.4400e+03,1.6583e-08
7.4500e+03,1.6600e-08
7.4600e+03,1.6616e-08
7.4700e+03,1.6628e-08
7.4800e+03,1.6619e-08
7.4900e+03,1.6605e-08
7.5000e+03,1.6616e-08
7.5100e+03,1.6660e-08
7.5200e+03,1.6710e-08
7.5300e+03,1.6739e-08
7.5400e+03,1.6751e-08
7.5500e+03,1.6753e-08
7.5600e+03,1.6746e-08
7.5700e+03,1.6739e-08
7.5800e+03,1.6733e-08
7.5900e+03,1.6724e-08
7.6000e+03,1.6714e-08
7.6100e+03,1.6712e-08
7.6200e+03,1.6718e-08
7.6300e+03,1.6723e-08
7.6400e+03,1.6725e-08
7.6500e+03,1.6725e-08
7.6600e+03,1.6718e-08
7.6700e+03,1.6709e-08
7.6800e+03,1.6703e-08
7.6900e+03,1.6700e-08
7.7000e+03,1.6699e-08
7.7100e+03,1.6697e-08
7.7200e+03,1.6696e-08
7.7300e+03,1.6696e-08
7.7400e+03,1.6696e-08
7.7500e+03,1.6696e-08
7.7600e+03,1.6695e-08
7.7700e+03,1.6691e-08
7.7800e+03,1.6695e-08
7.7900e+03,1.6716e-08
7.8000e+03,1.6751e-08
7.8100e+03,1.6789e-08
7.8200e+03,1.6840e-08
7.8300e+03,1.6899e-08
7.8400e+03,1.6958e-08
7.8500e+03,1.7015e-08
7.8600e+03,1.7060e-08
7.8700e+03,1.7086e-08
7.8800e+03,1.7100e-08
7.8900e+03,1.7110e-08
7.9000e+03,1.7109e-08
7.9100e+03,1.7096e-08
7.9200e+03,1.7076e-08
7.9300e+03,1.7055e-08
7.9400e+03,1.7039e-08
7.9500e+03,1.7034e-08
7.9600e+03,1.7036e-08
7.9700e+03,1.7035e-08
7.9800e+03,1.7025e-08
7.9900e+03,1.7009e-08
8.0000e+03,1.6994e-08
8.0100e+03,1.6973e-08
8.0200e+03,1.6941e-08
8.0300e+03,1.6915e-08
8.0400e+03,1.6889e-08
8.0500e+03,1.6854e-08
8.0600e+03,1.6825e-08
8.0700e+03,1.6802e-08
8.0800e+03,1.6785e-08
8.0900e+03,1.6774e-08
8.1000e+03,1.6756e-08
8.1100e+03,1.6720e-08
8.1200e+03,1.6659e-08
8.1300e+03,1.6573e-08
8.1400e+03,1.6489e-08
8.1500e+03,1.6425e-08
8.1600e+03,1.6379e-08
8.1700e+03,1.6348e-08
8.1800e+03,1.6337e-08
8.1900e+03,1.6362e-08
8.2000e+03,1.6448e-08
8.2100e+03,1.6602e-08
8.2200e+03,1.6755e-08
8.2300e+03,1.6833e-08
8.2400e+03,1.6843e-08
8.2500e+03,1.6818e-08
8.2600e+03,1.6747e-08
8.2700e+03,1.6632e-08
8.2800e+03,1.6492e-08
8.2900e+03,1.6341e-08
8.3000e+03,1.6192e-08
8.3100e+03,1.6063e-08
8.3200e+03,1.5974e-08
8.3300e+03,1.5924e-08
8.3400e+03,1.5905e-08
8.3500e+03,1.5911e-08
8.3600e+03,1.5928e-08
8.3700e+03,1.5945e-08
8.3800e+03,1.5951e-08
8.3900e+03,1.5948e-08
8.4000e+03,1.5944e-08
8.4100e+03,1.5942e-08
8.4200e+03,1.5943e-08
8.4300e+03,1.5946e-08
8.4400e+03,1.5949e-08
8.4500e+03,1.5951e-08
8.4600e+03,1.5952e-08
8.4700e+03,1.5954e-08
8.4800e+03,1.5955e-08
8.4900e+03,1.5957e-08
8.5000e+03,1.5957e-08
8.5100e+03,1.5954e-08
8.5200e+03,1.5947e-08
8.5300e+03,1.5937e-08
8.5400e+03,1.5929e-08
8.5500e+03,1.5925e-08
8.5600e+03,1.5924e-08
8.5700e+03,1.5932e-08
8.5800e+03,1.5954e-08
8.5900e+03,1.5989e-08
8.6000e+03,1.6025e-08
8.6100e+03,1.6047e-08
8.6200e+03,1.6048e-08
8.6300e+03,1.6041e-08
8.6400e+03,1.6041e-08
8.6500e+03,1.6045e-08
8.6600e+03,1.6047e-08
8.6700e+03,1.6045e-08
8.6800e+03,1.6043e-08
8.6900e+03,1.6042e-08
8.7000e+03,1.6042e-08
8.7100e+03,1.6041e-08
8.7200e+03,1.6040e-08
8.7300e+03,1.6038e-08
8.7400e+03,1.6039e-08
8.7500e+03,1.6040e-08
8.7600e+03,1.6039e-08
8.7700e+03,1.6035e-08
8.7800e+03,1.6030e-08
8.7900e+03,1.6028e-08
8.8000e+03,1.6024e-08
8.8100e+03,1.6022e-08
8.8200e+03,1.6018e-08
8.8300e+03,1.6004e-08
8.8400e+03,1.5980e-08
8.8500e+03,1.5955e-08
8.8600e+03,1.5948e-08
8.8700e+03,1.5958e-08
8.8800e+03,1.5972e-08
8.8900e+03,1.5981e-08
8.9000e+03,1.5985e-08
8.9100e+03,1.5985e-08
8.9200e+03,1.5982e-08
8.9300e+03,1.5973e-08
8.9400e+03,1.5958e-08
8.9500e+03,1.5945e-08
8.9600e+03,1.5938e-08
8.9700e+03,1.5936e-08
8.9800e+03,1.5935e-08
8.9900e+03,1.5931e-08
9.0000e+03,1.5929e-08
9.0100e+03,1.5928e-08
9.0200e+03,1.5927e-08
9.0300e+03,1.5925e-08
9.0400e+03,1.5924e-08
9.0500e+03,1.5924e-08
9.0600e+03,1.5930e-08
9.0700e+03,1.5945e-08
9.0800e+03,1.5959e-08
9.0900e+03,1.5961e-08
9.1000e+03,1.5947e-08
9.1100e+03,1.5927e-08
9.1200e+03,1.5913e-08
9.1300e+03,1.5914e-08
9.1400e+03,1.5924e-08
9.1500e+03,1.5929e-08
9.1600e+03,1.5922e-08
9.1700e+03,1.5902e-08
9.1800e+03,1.5868e-08
9.1900e+03,1.5819e-08
9.2000e+03,1.5756e-08
9.2100e+03,1.5674e-08
9.2200e+03,1.5571e-08
9.2300e+03,1.5457e-08
9.2400e+03,1.5324e-08
9.2500e+03,1.5148e-08
9.2600e+03,1.4937e-08
9.2700e+03,1.4722e-08
9.2800e+03,1.4535e-08
9.2900e+03,1.4408e-08
9.3000e+03,1.4339e-08
9.3100e+03,1.4317e-08
9.3200e+03,1.4341e-08
9.3300e+03,1.4411e-08
9.3400e+03,1.4510e-08
9.3500e+03,1.4619e-08
9.3600e+03,1.4726e-08
9.3700e+03,1.4821e-08
9.3800e+03,1.4901e-08
9.3900e+03,1.4984e-08
9.4000e+03,1.5083e-08
9.4100e+03,1.5189e-08
9.4200e+03,1.5273e-08
9.4300e+03,1.5322e-08
9.4400e+03,1.5345e-08
9.4500e+03,1.5345e-08
9.4600e+03,1.5336e-08
9.4700e+03,1.5337e-08
9.4800e+03,1.5341e-08
9.4900e+03,1.5339e-08
9.5000e+03,1.5332e-08
9.5100e+03,1.5334e-08
9.5200e+03,1.5341e-08
9.5300e+03,1.5334e-08
9.5400e+03,1.5324e-08
9.5500e+03,1.5348e-08
9.5600e+03,1.5418e-08
9.5700e+03,1.5512e-08
9.5800e+03,1.5613e-08
9.5900e+03,1.5716e-08
9.6000e+03,1.5802e-08
9.6100e+03,1.5849e-08
9.6200e+03,1.5876e-08
9.6300e+03,1.5904e-08
9.6400e+03,1.5916e-08
9.6500e+03,1.5898e-08
9.6600e+03,1.5872e-08
9.6700e+03,1.5870e-08
9.6800e+03,1.5895e-08
9.6900e+03,1.5924e-08
9.7000e+03,1.5943e-08
9.7100e+03,1.5950e-08
9.7200e+03,1.5950e-08
9.7300e+03,1.5947e-08
9.7400e+03,1.5945e-08
9.7500e+03,1.5944e-08
9.7600e+03,1.5944e-08
9.7700e+03,1.5943e-08
9.7800e+03,1.5942e-08
9.7900e+03,1.5942e-08
9.8000e+03,1.5941e-08
9.8100e+03,1.5939e-08
9.8200e+03,1.5932e-08
9.8300e+03,1.5925e-08
9.8400e+03,1.5928e-08
9.8500e+03,1.5948e-08
9.8600e+03,1.5969e-08
9.8700e+03,1.5964e-08
9.8800e+03,1.5941e-08
9.8900e+03,1.5919e-08
9.9000e+03,1.5897e-08
9.9100e+03,1.5872e-08
9.9200e+03,1.5838e-08
9.9300e+03,1.5793e-08
9.9400e+03,1.5740e-08
9.9500e+03,1.5687e-08
9.9600e+03,1.5654e-08
9.9700e+03,1.5635e-08
9.9800e+03,1.5620e-08
9.9900e+03,1.5612e-08
1.0000e+04,1.5623e-08
