# Time , Side-Flux
0.0000e+00,0.0000e+00
1.0000e+01,4.4042e-12
2.0000e+01,8.7661e-12
3.0000e+01,1.3045e-11
4.0000e+01,1.7205e-11
5.0000e+01,2.1212e-11
6.0000e+01,2.5041e-11
7.0000e+01,2.8671e-11
8.0000e+01,3.2088e-11
9.0000e+01,3.5283e-11
1.0000e+02,3.8255e-11
1.1000e+02,4.1005e-11
1.2000e+02,4.3537e-11
1.3000e+02,4.5861e-11
1.4000e+02,4.7988e-11
1.5000e+02,4.9927e-11
1.6000e+02,5.1694e-11
1.7000e+02,5.3300e-11
1.8000e+02,5.4758e-11
1.9000e+02,5.6080e-11
2.0000e+02,5.7280e-11
2.1000e+02,5.8367e-11
2.2000e+02,5.9353e-11
2.3000e+02,6.0246e-11
2.4000e+02,6.1057e-11
2.5000e+02,6.1792e-11
2.6000e+02,6.2459e-11
2.7000e+02,6.3065e-11
2.8000e+02,6.3616e-11
2.9000e+02,6.4115e-11
3.0000e+02,6.4570e-11
3.1000e+02,6.4982e-11
3.2000e+02,6.5357e-11
3.3000e+02,6.5697e-11
3.4000e+02,6.6005e-11
3.5000e+02,6.6285e-11
3.6000e+02,6.6539e-11
3.7000e+02,6.6768e-11
3.8000e+02,6.6976e-11
3.9000e+02,6.7164e-11
4.0000e+02,6.7334e-11
4.1000e+02,6.7488e-11
4.2000e+02,6.7627e-11
4.3000e+02,6.7754e-11
4.4000e+02,6.7869e-11
4.5000e+02,6.7973e-11
4.6000e+02,6.8069e-11
4.7000e+02,6.8156e-11
4.8000e+02,6.8237e-11
4.9000e+02,6.8313e-11
5.0000e+02,6.8383e-11
5.1000e+02,6.8450e-11
5.2000e+02,6.8513e-11
5.3000e+02,6.8573e-11
5.4000e+02,6.8631e-11
5.5000e+02,6.8687e-11
5.6000e+02,6.8741e-11
5.7000e+02,6.8793e-11
5.8000e+02,6.8844e-11
5.9000e+02,6.8894e-11
6.0000e+02,6.8942e-11
6.1000e+02,6.8988e-11
6.2000e+02,6.9034e-11
6.3000e+02,6.9078e-11
6.4000e+02,6.9122e-11
6.5000e+02,6.9166e-11
6.6000e+02,6.9210e-11
6.7000e+02,6.9256e-11
6.8000e+02,6.9304e-11
6.9000e+02,6.9355e-11
7.0000e+02,6.9410e-11
7.1000e+02,6.9468e-11
7.2000e+02,6.9530e-11
7.3000e+02,6.9597e-11
7.4000e+02,6.9667e-11
7.5000e+02,6.9741e-11
7.6000e+02,6.9816e-11
7.7000e+02,6.9893e-11
7.8000e+02,6.9970e-11
7.9000e+02,7.0045e-11
8.0000e+02,7.0116e-11
8.1000e+02,7.0183e-11
8.2000e+02,7.0244e-11
8.3000e+02,7.0296e-11
8.4000e+02,7.0340e-11
8.5000e+02,7.0373e-11
8.6000e+02,7.0395e-11
8.7000e+02,7.0405e-11
8.8000e+02,7.0404e-11
8.9000e+02,7.0390e-11
9.0000e+02,7.0366e-11
9.1000e+02,7.0331e-11
9.2000e+02,7.0286e-11
9.3000e+02,7.0233e-11
9.4000e+02,7.0174e-11
9.5000e+02,7.0111e-11
9.6000e+02,7.0045e-11
9.7000e+02,6.9978e-11
9.8000e+02,6.9914e-11
9.9000e+02,6.9853e-11
1.0000e+03,6.9798e-11
1.0100e+03,6.9751e-11
1.0200e+03,6.9713e-11
1.0300e+03,6.9685e-11
1.0400e+03,6.9670e-11
1.0500e+03,6.9667e-11
1.0600e+03,6.9677e-11
1.0700e+03,6.9701e-11
1.0800e+03,6.9738e-11
1.0900e+03,6.9787e-11
1.1000e+03,6.9848e-11
1.1100e+03,6.9920e-11
1.1200e+03,7.0002e-11
1.1300e+03,7.0092e-11
1.1400e+03,7.0189e-11
1.1500e+03,7.0291e-11
1.1600e+03,7.0399e-11
1.1700e+03,7.0509e-11
1.1800e+03,7.0622e-11
1.1900e+03,7.0735e-11
1.2000e+03,7.0849e-11
1.2100e+03,7.0963e-11
1.2200e+03,7.1075e-11
1.2300e+03,7.1185e-11
1.2400e+03,7.1293e-11
1.2500e+03,7.1397e-11
1.2600e+03,7.1498e-11
1.2700e+03,7.1594e-11
1.2800e+03,7.1686e-11
1.2900e+03,7.1772e-11
1.3000e+03,7.1852e-11
1.3100e+03,7.1926e-11
1.3200e+03,7.1994e-11
1.3300e+03,7.2055e-11
1.3400e+03,7.2110e-11
1.3500e+03,7.2158e-11
1.3600e+03,7.2200e-11
1.3700e+03,7.2236e-11
1.3800e+03,7.2266e-11
1.3900e+03,7.2292e-11
1.4000e+03,7.2312e-11
1.4100e+03,7.2329e-11
1.4200e+03,7.2342e-11
1.4300e+03,7.2351e-11
1.4400e+03,7.2358e-11
1.4500e+03,7.2363e-11
1.4600e+03,7.2365e-11
1.4700e+03,7.2366e-11
1.4800e+03,7.2364e-11
1.4900e+03,7.2362e-11
1.5000e+03,7.2357e-11
1.5100e+03,7.2351e-11
1.5200e+03,7.2343e-11
1.5300e+03,7.2334e-11
1.5400e+03,7.2323e-11
1.5500e+03,7.2310e-11
1.5600e+03,7.2295e-11
1.5700e+03,7.2278e-11
1.5800e+03,7.2258e-11
1.5900e+03,7.2237e-11
1.6000e+03,7.2213e-11
1.6100e+03,7.2187e-11
1.6200e+03,7.2159e-11
1.6300e+03,7.2128e-11
1.6400e+03,7.2095e-11
1.6500e+03,7.2061e-11
1.6600e+03,7.2024e-11
1.6700e+03,7.1986e-11
1.6800e+03,7.1946e-11
1.6900e+03,7.1906e-11
1.7000e+03,7.1865e-11
1.7100e+03,7.1824e-11
1.7200e+03,7.1784e-11
1.7300e+03,7.1743e-11
1.7400e+03,7.1704e-11
1.7500e+03,7.1666e-11
1.7600e+03,7.1629e-11
1.7700e+03,7.1593e-11
1.7800e+03,7.1559e-11
1.7900e+03,7.1527e-11
1.8000e+03,7.1496e-11
1.8100e+03,7.1467e-11
1.8200e+03,7.1438e-11
1.8300e+03,7.1411e-11
1.8400e+03,7.1383e-11
1.8500e+03,7.1356e-11
1.8600e+03,7.1329e-11
1.8700e+03,7.1301e-11
1.8800e+03,7.1272e-11
1.8900e+03,7.1241e-11
1.9000e+03,7.1210e-11
1.9100e+03,7.1177e-11
1.9200e+03,7.1142e-11
1.9300e+03,7.1105e-11
1.9400e+03,7.1066e-11
1.9500e+03,7.1025e-11
1.9600e+03,7.0983e-11
1.9700e+03,7.0939e-11
1.9800e+03,7.0894e-11
1.9900e+03,7.0847e-11
2.0000e+03,7.0799e-11
2.0100e+03,7.0751e-11
2.0200e+03,7.0702e-11
2.0300e+03,7.0653e-11
2.0400e+03,7.0604e-11
2.0500e+03,7.0556e-11
2.0600e+03,7.0510e-11
2.0700e+03,7.0466e-11
2.0800e+03,7.0424e-11
2.0900e+03,7.0386e-11
2.1000e+03,7.0351e-11
2.1100e+03,7.0320e-11
2.1200e+03,7.0294e-11
2.1300e+03,7.0274e-11
2.1400e+03,7.0258e-11
2.1500e+03,7.0249e-11
2.1600e+03,7.0244e-11
2.1700e+03,7.0246e-11
2.1800e+03,7.0252e-11
2.1900e+03,7.0263e-11
2.2000e+03,7.0278e-11
2.2100e+03,7.0298e-11
2.2200e+03,7.0320e-11
2.2300e+03,7.0346e-11
2.2400e+03,7.0373e-11
2.2500e+03,7.0402e-11
2.2600e+03,7.0432e-11
2.2700e+03,7.0463e-11
2.2800e+03,7.0495e-11
2.2900e+03,7.0526e-11
2.3000e+03,7.0557e-11
2.3100e+03,7.0588e-11
2.3200e+03,7.0617e-11
2.3300e+03,7.0646e-11
2.3400e+03,7.0674e-11
2.3500e+03,7.0701e-11
2.3600e+03,7.0727e-11
2.3700e+03,7.0752e-11
2.3800e+03,7.0775e-11
2.3900e+03,7.0797e-11
2.4000e+03,7.0817e-11
2.4100e+03,7.0837e-11
2.4200e+03,7.0855e-11
2.4300e+03,7.0872e-11
2.4400e+03,7.0887e-11
2.4500e+03,7.0902e-11
2.4600e+03,7.0916e-11
2.4700e+03,7.0929e-11
2.4800e+03,7.0941e-11
2.4900e+03,7.0952e-11
2.5000e+03,7.0962e-11
2.5100e+03,7.0972e-11
2.5200e+03,7.0980e-11
2.5300e+03,7.0987e-11
2.5400e+03,7.0994e-11
2.5500e+03,7.1000e-11
2.5600e+03,7.1004e-11
2.5700e+03,7.1008e-11
2.5800e+03,7.1011e-11
2.5900e+03,7.1013e-11
2.6000e+03,7.1014e-11
2.6100e+03,7.1013e-11
2.6200e+03,7.1012e-11
2.6300e+03,7.1010e-11
2.6400e+03,7.1007e-11
2.6500e+03,7.1002e-11
2.6600e+03,7.0997e-11
2.6700e+03,7.0991e-11
2.6800e+03,7.0985e-11
2.6900e+03,7.0978e-11
2.7000e+03,7.0970e-11
2.7100e+03,7.0963e-11
2.7200e+03,7.0956e-11
2.7300e+03,7.0949e-11
2.7400e+03,7.0942e-11
2.7500e+03,7.0936e-11
2.7600e+03,7.0931e-11
2.7700e+03,7.0927e-11
2.7800e+03,7.0924e-11
2.7900e+03,7.0922e-11
2.8000e+03,7.0922e-11
2.8100e+03,7.0924e-11
2.8200e+03,7.0927e-11
2.8300e+03,7.0932e-11
2.8400e+03,7.0940e-11
2.8500e+03,7.0950e-11
2.8600e+03,7.0963e-11
2.8700e+03,7.0978e-11
2.8800e+03,7.0997e-11
2.8900e+03,7.1018e-11
2.9000e+03,7.1042e-11
2.9100e+03,7.1070e-11
2.9200e+03,7.1099e-11
2.9300e+03,7.1131e-11
2.9400e+03,7.1166e-11
2.9500e+03,7.1202e-11
2.9600e+03,7.1239e-11
2.9700e+03,7.1277e-11
2.9800e+03,7.1316e-11
2.9900e+03,7.1355e-11
3.0000e+03,7.1394e-11
3.0100e+03,7.1432e-11
3.0200e+03,7.1470e-11
3.0300e+03,7.1506e-11
3.0400e+03,7.1541e-11
3.0500e+03,7.1574e-11
3.0600e+03,7.1605e-11
3.0700e+03,7.1635e-11
3.0800e+03,7.1662e-11
3.0900e+03,7.1688e-11
3.1000e+03,7.1712e-11
3.1100e+03,7.1734e-11
3.1200e+03,7.1756e-11
3.1300e+03,7.1777e-11
3.1400e+03,7.1797e-11
3.1500e+03,7.1818e-11
3.1600e+03,7.1839e-11
3.1700e+03,7.1861e-11
3.1800e+03,7.1883e-11
3.1900e+03,7.1907e-11
3.2000e+03,7.1932e-11
3.2100e+03,7.1959e-11
3.2200e+03,7.1987e-11
3.2300e+03,7.2015e-11
3.2400e+03,7.2045e-11
3.2500e+03,7.2075e-11
3.2600e+03,7.2105e-11
3.2700e+03,7.2136e-11
3.2800e+03,7.2166e-11
3.2900e+03,7.2195e-11
3.3000e+03,7.2223e-11
3.3100e+03,7.2250e-11
3.3200e+03,7.2277e-11
3.3300e+03,7.2302e-11
3.3400e+03,7.2325e-11
3.3500e+03,7.2347e-11
3.3600e+03,7.2368e-11
3.3700e+03,7.2387e-11
3.3800e+03,7.2405e-11
3.3900e+03,7.2422e-11
3.4000e+03,7.2437e-11
3.4100e+03,7.2452e-11
3.4200e+03,7.2466e-11
3.4300e+03,7.2479e-11
3.4400e+03,7.2492e-11
3.4500e+03,7.2504e-11
3.4600e+03,7.2516e-11
3.4700e+03,7.2527e-11
3.4800e+03,7.2537e-11
3.4900e+03,7.2546e-11
3.5000e+03,7.2554e-11
3.5100e+03,7.2561e-11
3.5200e+03,7.2567e-11
3.5300e+03,7.2571e-11
3.5400e+03,7.2574e-11
3.5500e+03,7.2576e-11
3.5600e+03,7.2577e-11
3.5700e+03,7.2578e-11
3.5800e+03,7.2578e-11
3.5900e+03,7.2577e-11
3.6000e+03,7.2575e-11
3.6100e+03,7.2573e-11
3.6200e+03,7.2571e-11
3.6300e+03,7.2567e-11
3.6400e+03,7.2563e-11
3.6500e+03,7.2559e-11
3.6600e+03,7.2553e-11
3.6700e+03,7.2546e-11
3.6800e+03,7.2538e-11
3.6900e+03,7.2530e-11
3.7000e+03,7.2520e-11
3.7100e+03,7.2510e-11
3.7200e+03,7.2499e-11
3.7300e+03,7.2487e-11
3.7400e+03,7.2475e-11
3.7500e+03,7.2463e-11
3.7600e+03,7.2450e-11
3.7700e+03,7.2438e-11
3.7800e+03,7.2424e-11
3.7900e+03,7.2410e-11
3.8000e+03,7.2396e-11
3.8100e+03,7.2380e-11
3.8200e+03,7.2364e-11
3.8300e+03,7.2347e-11
3.8400e+03,7.2330e-11
3.8500e+03,7.2312e-11
3.8600e+03,7.2294e-11
3.8700e+03,7.2277e-11
3.8800e+03,7.2260e-11
3.8900e+03,7.2245e-11
3.9000e+03,7.2232e-11
3.9100e+03,7.2220e-11
3.9200e+03,7.2211e-11
3.9300e+03,7.2205e-11
3.9400e+03,7.2200e-11
3.9500e+03,7.2198e-11
3.9600e+03,7.2199e-11
3.9700e+03,7.2200e-11
3.9800e+03,7.2203e-11
3.9900e+03,7.2208e-11
4.0000e+03,7.2212e-11
4.0100e+03,7.2217e-11
4.0200e+03,7.2222e-11
4.0300e+03,7.2227e-11
4.0400e+03,7.2231e-11
4.0500e+03,7.2235e-11
4.0600e+03,7.2238e-11
4.0700e+03,7.2241e-11
4.0800e+03,7.2243e-11
4.0900e+03,7.2244e-11
4.1000e+03,7.2246e-11
4.1100e+03,7.2246e-11
4.1200e+03,7.2247e-11
4.1300e+03,7.2248e-11
4.1400e+03,7.2248e-11
4.1500e+03,7.2249e-11
4.1600e+03,7.2249e-11
4.1700e+03,7.2249e-11
4.1800e+03,7.2249e-11
4.1900e+03,7.2249e-11
4.2000e+03,7.2249e-11
4.2100e+03,7.2250e-11
4.2200e+03,7.2250e-11
4.2300e+03,7.2249e-11
4.2400e+03,7.2249e-11
4.2500e+03,7.2249e-11
4.2600e+03,7.2249e-11
4.2700e+03,7.2249e-11
4.2800e+03,7.2249e-11
4.2900e+03,7.2249e-11
4.3000e+03,7.2249e-11
4.3100e+03,7.2249e-11
4.3200e+03,7.2249e-11
4.3300e+03,7.2249e-11
4.3400e+03,7.2249e-11
4.3500e+03,7.2249e-11
4.3600e+03,7.2249e-11
4.3700e+03,7.2249e-11
4.3800e+03,7.2249e-11
4.3900e+03,7.2249e-11
4.4000e+03,7.2249e-11
4.4100e+03,7.2249e-11
4.4200e+03,7.2249e-11
4.4300e+03,7.2249e-11
4.4400e+03,7.2249e-11
4.4500e+03,7.2249e-11
4.4600e+03,7.2249e-11
4.4700e+03,7.2249e-11
4.4800e+03,7.2249e-11
4.4900e+03,7.2249e-11
4.5000e+03,7.2249e-11
4.5100e+03,7.2249e-11
4.5200e+03,7.2249e-11
4.5300e+03,7.2249e-11
4.5400e+03,7.2249e-11
4.5500e+03,7.2249e-11
4.5600e+03,7.2249e-11
4.5700e+03,7.2249e-11
4.5800e+03,7.2249e-11
4.5900e+03,7.2249e-11
4.6000e+03,7.2250e-11
4.6100e+03,7.2250e-11
4.6200e+03,7.2250e-11
4.6300e+03,7.2251e-11
4.6400e+03,7.2251e-11
4.6500e+03,7.2252e-11
4.6600e+03,7.2252e-11
4.6700e+03,7.2253e-11
4.6800e+03,7.2253e-11
4.6900e+03,7.2252e-11
4.7000e+03,7.2252e-11
4.7100e+03,7.2250e-11
4.7200e+03,7.2248e-11
4.7300e+03,7.2244e-11
4.7400e+03,7.2238e-11
4.7500e+03,7.2231e-11
4.7600e+03,7.2221e-11
4.7700e+03,7.2210e-11
4.7800e+03,7.2195e-11
4.7900e+03,7.2178e-11
4.8000e+03,7.2159e-11
4.8100e+03,7.2137e-11
4.8200e+03,7.2113e-11
4.8300e+03,7.2088e-11
4.8400e+03,7.2061e-11
4.8500e+03,7.2035e-11
4.8600e+03,7.2010e-11
4.8700e+03,7.1987e-11
4.8800e+03,7.1967e-11
4.8900e+03,7.1951e-11
4.9000e+03,7.1942e-11
4.9100e+03,7.1939e-11
4.9200e+03,7.1944e-11
4.9300e+03,7.1957e-11
4.9400e+03,7.1981e-11
4.9500e+03,7.2014e-11
4.9600e+03,7.2058e-11
4.9700e+03,7.2111e-11
4.9800e+03,7.2174e-11
4.9900e+03,7.2245e-11
5.0000e+03,7.2322e-11
5.0100e+03,7.2405e-11
5.0200e+03,7.2490e-11
5.0300e+03,7.2575e-11
5.0400e+03,7.2659e-11
5.0500e+03,7.2737e-11
5.0600e+03,7.2807e-11
5.0700e+03,7.2866e-11
5.0800e+03,7.2913e-11
5.0900e+03,7.2946e-11
5.1000e+03,7.2962e-11
5.1100e+03,7.2962e-11
5.1200e+03,7.2944e-11
5.1300e+03,7.2911e-11
5.1400e+03,7.2862e-11
5.1500e+03,7.2801e-11
5.1600e+03,7.2731e-11
5.1700e+03,7.2653e-11
5.1800e+03,7.2572e-11
5.1900e+03,7.2492e-11
5.2000e+03,7.2415e-11
5.2100e+03,7.2345e-11
5.2200e+03,7.2286e-11
5.2300e+03,7.2239e-11
5.2400e+03,7.2207e-11
5.2500e+03,7.2190e-11
5.2600e+03,7.2189e-11
5.2700e+03,7.2204e-11
5.2800e+03,7.2235e-11
5.2900e+03,7.2280e-11
5.3000e+03,7.2338e-11
5.3100e+03,7.2406e-11
5.3200e+03,7.2483e-11
5.3300e+03,7.2566e-11
5.3400e+03,7.2652e-11
5.3500e+03,7.2739e-11
5.3600e+03,7.2824e-11
5.3700e+03,7.2905e-11
5.3800e+03,7.2980e-11
5.3900e+03,7.3046e-11
5.4000e+03,7.3103e-11
5.4100e+03,7.3149e-11
5.4200e+03,7.3182e-11
5.4300e+03,7.3203e-11
5.4400e+03,7.3212e-11
5.4500e+03,7.3209e-11
5.4600e+03,7.3195e-11
5.4700e+03,7.3170e-11
5.4800e+03,7.3137e-11
5.4900e+03,7.3097e-11
5.5000e+03,7.3052e-11
5.5100e+03,7.3003e-11
5.5200e+03,7.2953e-11
5.5300e+03,7.2904e-11
5.5400e+03,7.2857e-11
5.5500e+03,7.2813e-11
5.5600e+03,7.2774e-11
5.5700e+03,7.2741e-11
5.5800e+03,7.2713e-11
5.5900e+03,7.2693e-11
5.6000e+03,7.2678e-11
5.6100e+03,7.2671e-11
5.6200e+03,7.2670e-11
5.6300e+03,7.2675e-11
5.6400e+03,7.2685e-11
5.6500e+03,7.2701e-11
5.6600e+03,7.2721e-11
5.6700e+03,7.2745e-11
5.6800e+03,7.2773e-11
5.6900e+03,7.2804e-11
5.7000e+03,7.2836e-11
5.7100e+03,7.2871e-11
5.7200e+03,7.2906e-11
5.7300e+03,7.2941e-11
5.7400e+03,7.2974e-11
5.7500e+03,7.3005e-11
5.7600e+03,7.3033e-11
5.7700e+03,7.3056e-11
5.7800e+03,7.3072e-11
5.7900e+03,7.3082e-11
5.8000e+03,7.3083e-11
5.8100e+03,7.3075e-11
5.8200e+03,7.3056e-11
5.8300e+03,7.3027e-11
5.8400e+03,7.2988e-11
5.8500e+03,7.2937e-11
5.8600e+03,7.2876e-11
5.8700e+03,7.2804e-11
5.8800e+03,7.2724e-11
5.8900e+03,7.2635e-11
5.9000e+03,7.2540e-11
5.9100e+03,7.2439e-11
5.9200e+03,7.2334e-11
5.9300e+03,7.2226e-11
5.9400e+03,7.2118e-11
5.9500e+03,7.2011e-11
5.9600e+03,7.1906e-11
5.9700e+03,7.1804e-11
5.9800e+03,7.1707e-11
5.9900e+03,7.1615e-11
6.0000e+03,7.1530e-11
6.0100e+03,7.1452e-11
6.0200e+03,7.1380e-11
6.0300e+03,7.1316e-11
6.0400e+03,7.1259e-11
6.0500e+03,7.1208e-11
6.0600e+03,7.1163e-11
6.0700e+03,7.1122e-11
6.0800e+03,7.1084e-11
6.0900e+03,7.1048e-11
6.1000e+03,7.1013e-11
6.1100e+03,7.0977e-11
6.1200e+03,7.0939e-11
6.1300e+03,7.0897e-11
6.1400e+03,7.0851e-11
6.1500e+03,7.0799e-11
6.1600e+03,7.0740e-11
6.1700e+03,7.0674e-11
6.1800e+03,7.0602e-11
6.1900e+03,7.0523e-11
6.2000e+03,7.0438e-11
6.2100e+03,7.0348e-11
6.2200e+03,7.0254e-11
6.2300e+03,7.0157e-11
6.2400e+03,7.0060e-11
6.2500e+03,6.9964e-11
6.2600e+03,6.9870e-11
6.2700e+03,6.9781e-11
6.2800e+03,6.9699e-11
6.2900e+03,6.9625e-11
6.3000e+03,6.9561e-11
6.3100e+03,6.9509e-11
6.3200e+03,6.9469e-11
6.3300e+03,6.9443e-11
6.3400e+03,6.9431e-11
6.3500e+03,6.9435e-11
6.3600e+03,6.9454e-11
6.3700e+03,6.9488e-11
6.3800e+03,6.9537e-11
6.3900e+03,6.9601e-11
6.4000e+03,6.9678e-11
6.4100e+03,6.9769e-11
6.4200e+03,6.9872e-11
6.4300e+03,6.9986e-11
6.4400e+03,7.0110e-11
6.4500e+03,7.0243e-11
6.4600e+03,7.0382e-11
6.4700e+03,7.0526e-11
6.4800e+03,7.0674e-11
6.4900e+03,7.0825e-11
6.5000e+03,7.0975e-11
6.5100e+03,7.1124e-11
6.5200e+03,7.1270e-11
6.5300e+03,7.1411e-11
6.5400e+03,7.1546e-11
6.5500e+03,7.1673e-11
6.5600e+03,7.1792e-11
6.5700e+03,7.1902e-11
6.5800e+03,7.2002e-11
6.5900e+03,7.2092e-11
6.6000e+03,7.2172e-11
6.6100e+03,7.2242e-11
6.6200e+03,7.2302e-11
6.6300e+03,7.2352e-11
6.6400e+03,7.2394e-11
6.6500e+03,7.2427e-11
6.6600e+03,7.2451e-11
6.6700e+03,7.2469e-11
6.6800e+03,7.2479e-11
6.6900e+03,7.2482e-11
6.7000e+03,7.2479e-11
6.7100e+03,7.2469e-11
6.7200e+03,7.2453e-11
6.7300e+03,7.2431e-11
6.7400e+03,7.2402e-11
6.7500e+03,7.2367e-11
6.7600e+03,7.2325e-11
6.7700e+03,7.2277e-11
6.7800e+03,7.2223e-11
6.7900e+03,7.2162e-11
6.8000e+03,7.2097e-11
6.8100e+03,7.2027e-11
6.8200e+03,7.1952e-11
6.8300e+03,7.1874e-11
6.8400e+03,7.1795e-11
6.8500e+03,7.1713e-11
6.8600e+03,7.1632e-11
6.8700e+03,7.1553e-11
6.8800e+03,7.1476e-11
6.8900e+03,7.1402e-11
6.9000e+03,7.1334e-11
6.9100e+03,7.1273e-11
6.9200e+03,7.1219e-11
6.9300e+03,7.1175e-11
6.9400e+03,7.1140e-11
6.9500e+03,7.1118e-11
6.9600e+03,7.1108e-11
6.9700e+03,7.1111e-11
6.9800e+03,7.1129e-11
6.9900e+03,7.1163e-11
7.0000e+03,7.1212e-11
7.0100e+03,7.1278e-11
7.0200e+03,7.1362e-11
7.0300e+03,7.1463e-11
7.0400e+03,7.1582e-11
7.0500e+03,7.1720e-11
7.0600e+03,7.1877e-11
7.0700e+03,7.2053e-11
7.0800e+03,7.2249e-11
7.0900e+03,7.2463e-11
7.1000e+03,7.2695e-11
7.1100e+03,7.2946e-11
7.1200e+03,7.3213e-11
7.1300e+03,7.3496e-11
7.1400e+03,7.3792e-11
7.1500e+03,7.4101e-11
7.1600e+03,7.4421e-11
7.1700e+03,7.4748e-11
7.1800e+03,7.5082e-11
7.1900e+03,7.5420e-11
7.2000e+03,7.5760e-11
7.2100e+03,7.6100e-11
7.2200e+03,7.6439e-11
7.2300e+03,7.6774e-11
7.2400e+03,7.7104e-11
7.2500e+03,7.7428e-11
7.2600e+03,7.7744e-11
7.2700e+03,7.8051e-11
7.2800e+03,7.8348e-11
7.2900e+03,7.8635e-11
7.3000e+03,7.8910e-11
7.3100e+03,7.9173e-11
7.3200e+03,7.9424e-11
7.3300e+03,7.9662e-11
7.3400e+03,7.9889e-11
7.3500e+03,8.0103e-11
7.3600e+03,8.0306e-11
7.3700e+03,8.0497e-11
7.3800e+03,8.0677e-11
7.3900e+03,8.0847e-11
7.4000e+03,8.1006e-11
7.4100e+03,8.1154e-11
7.4200e+03,8.1293e-11
7.4300e+03,8.1421e-11
7.4400e+03,8.1538e-11
7.4500e+03,8.1646e-11
7.4600e+03,8.1743e-11
7.4700e+03,8.1829e-11
7.4800e+03,8.1906e-11
7.4900e+03,8.1972e-11
7.5000e+03,8.2029e-11
7.5100e+03,8.2076e-11
7.5200e+03,8.2115e-11
7.5300e+03,8.2145e-11
7.5400e+03,8.2167e-11
7.5500e+03,8.2182e-11
7.5600e+03,8.2191e-11
7.5700e+03,8.2193e-11
7.5800e+03,8.2191e-11
7.5900e+03,8.2184e-11
7.6000e+03,8.2174e-11
7.6100e+03,8.2160e-11
7.6200e+03,8.2143e-11
7.6300e+03,8.2125e-11
7.6400e+03,8.2105e-11
7.6500e+03,8.2083e-11
7.6600e+03,8.2062e-11
7.6700e+03,8.2040e-11
7.6800e+03,8.2018e-11
7.6900e+03,8.1996e-11
7.7000e+03,8.1976e-11
7.7100e+03,8.1956e-11
7.7200e+03,8.1937e-11
7.7300e+03,8.1920e-11
7.7400e+03,8.1905e-11
7.7500e+03,8.1892e-11
7.7600e+03,8.1881e-11
7.7700e+03,8.1873e-11
7.7800e+03,8.1867e-11
7.7900e+03,8.1865e-11
7.8000e+03,8.1867e-11
7.8100e+03,8.1874e-11
7.8200e+03,8.1885e-11
7.8300e+03,8.1901e-11
7.8400e+03,8.1923e-11
7.8500e+03,8.1952e-11
7.8600e+03,8.1987e-11
7.8700e+03,8.2029e-11
7.8800e+03,8.2079e-11
7.8900e+03,8.2136e-11
7.9000e+03,8.2200e-11
7.9100e+03,8.2271e-11
7.9200e+03,8.2350e-11
7.9300e+03,8.2435e-11
7.9400e+03,8.2526e-11
7.9500e+03,8.2623e-11
7.9600e+03,8.2725e-11
7.9700e+03,8.2832e-11
7.9800e+03,8.2942e-11
7.9900e+03,8.3055e-11
8.0000e+03,8.3171e-11
8.0100e+03,8.3288e-11
8.0200e+03,8.3406e-11
8.0300e+03,8.3523e-11
8.0400e+03,8.3639e-11
8.0500e+03,8.3753e-11
8.0600e+03,8.3864e-11
8.0700e+03,8.3970e-11
8.0800e+03,8.4070e-11
8.0900e+03,8.4165e-11
8.1000e+03,8.4252e-11
8.1100e+03,8.4331e-11
8.1200e+03,8.4402e-11
8.1300e+03,8.4464e-11
8.1400e+03,8.4517e-11
8.1500e+03,8.4560e-11
8.1600e+03,8.4593e-11
8.1700e+03,8.4616e-11
8.1800e+03,8.4628e-11
8.1900e+03,8.4628e-11
8.2000e+03,8.4617e-11
8.2100e+03,8.4593e-11
8.2200e+03,8.4555e-11
8.2300e+03,8.4503e-11
8.2400e+03,8.4436e-11
8.2500e+03,8.4353e-11
8.2600e+03,8.4255e-11
8.2700e+03,8.4142e-11
8.2800e+03,8.4013e-11
8.2900e+03,8.3869e-11
8.3000e+03,8.3712e-11
8.3100e+03,8.3542e-11
8.3200e+03,8.3361e-11
8.3300e+03,8.3171e-11
8.3400e+03,8.2973e-11
8.3500e+03,8.2769e-11
8.3600e+03,8.2559e-11
8.3700e+03,8.2346e-11
8.3800e+03,8.2131e-11
8.3900e+03,8.1914e-11
8.4000e+03,8.1697e-11
8.4100e+03,8.1479e-11
8.4200e+03,8.1262e-11
8.4300e+03,8.1045e-11
8.4400e+03,8.0830e-11
8.4500e+03,8.0616e-11
8.4600e+03,8.0405e-11
8.4700e+03,8.0197e-11
8.4800e+03,7.9994e-11
8.4900e+03,7.9795e-11
8.5000e+03,7.9602e-11
8.5100e+03,7.9417e-11
8.5200e+03,7.9240e-11
8.5300e+03,7.9072e-11
8.5400e+03,7.8915e-11
8.5500e+03,7.8769e-11
8.5600e+03,7.8634e-11
8.5700e+03,7.8512e-11
8.5800e+03,7.8401e-11
8.5900e+03,7.8301e-11
8.6000e+03,7.8212e-11
8.6100e+03,7.8134e-11
8.6200e+03,7.8064e-11
8.6300e+03,7.8002e-11
8.6400e+03,7.7947e-11
8.6500e+03,7.7898e-11
8.6600e+03,7.7854e-11
8.6700e+03,7.7814e-11
8.6800e+03,7.7778e-11
8.6900e+03,7.7745e-11
8.7000e+03,7.7715e-11
8.7100e+03,7.7688e-11
8.7200e+03,7.7663e-11
8.7300e+03,7.7641e-11
8.7400e+03,7.7623e-11
8.7500e+03,7.7607e-11
8.7600e+03,7.7596e-11
8.7700e+03,7.7588e-11
8.7800e+03,7.7585e-11
8.7900e+03,7.7587e-11
8.8000e+03,7.7594e-11
8.8100e+03,7.7606e-11
8.8200e+03,7.7625e-11
8.8300e+03,7.7650e-11
8.8400e+03,7.7681e-11
8.8500e+03,7.7719e-11
8.8600e+03,7.7763e-11
8.8700e+03,7.7813e-11
8.8800e+03,7.7870e-11
8.8900e+03,7.7932e-11
8.9000e+03,7.8001e-11
8.9100e+03,7.8077e-11
8.9200e+03,7.8158e-11
8.9300e+03,7.8247e-11
8.9400e+03,7.8343e-11
8.9500e+03,7.8447e-11
8.9600e+03,7.8560e-11
8.9700e+03,7.8682e-11
8.9800e+03,7.8813e-11
8.9900e+03,7.8955e-11
9.0000e+03,7.9108e-11
9.0100e+03,7.9271e-11
9.0200e+03,7.9446e-11
9.0300e+03,7.9631e-11
9.0400e+03,7.9826e-11
9.0500e+03,8.0031e-11
9.0600e+03,8.0244e-11
9.0700e+03,8.0464e-11
9.0800e+03,8.0690e-11
9.0900e+03,8.0921e-11
9.1000e+03,8.1155e-11
9.1100e+03,8.1391e-11
9.1200e+03,8.1627e-11
9.1300e+03,8.1863e-11
9.1400e+03,8.2097e-11
9.1500e+03,8.2328e-11
9.1600e+03,8.2556e-11
9.1700e+03,8.2781e-11
9.1800e+03,8.3002e-11
9.1900e+03,8.3219e-11
9.2000e+03,8.3432e-11
9.2100e+03,8.3640e-11
9.2200e+03,8.3843e-11
9.2300e+03,8.4041e-11
9.2400e+03,8.4232e-11
9.2500e+03,8.4418e-11
9.2600e+03,8.4596e-11
9.2700e+03,8.4766e-11
9.2800e+03,8.4927e-11
9.2900e+03,8.5078e-11
9.3000e+03,8.5218e-11
9.3100e+03,8.5345e-11
9.3200e+03,8.5460e-11
9.3300e+03,8.5560e-11
9.3400e+03,8.5646e-11
9.3500e+03,8.5718e-11
9.3600e+03,8.5774e-11
9.3700e+03,8.5815e-11
9.3800e+03,8.5842e-11
9.3900e+03,8.5855e-11
9.4000e+03,8.5855e-11
9.4100e+03,8.5843e-11
9.4200e+03,8.5821e-11
9.4300e+03,8.5790e-11
9.4400e+03,8.5752e-11
9.4500e+03,8.5709e-11
9.4600e+03,8.5661e-11
9.4700e+03,8.5610e-11
9.4800e+03,8.5559e-11
9.4900e+03,8.5507e-11
9.5000e+03,8.5457e-11
9.5100e+03,8.5409e-11
9.5200e+03,8.5365e-11
9.5300e+03,8.5325e-11
9.5400e+03,8.5289e-11
9.5500e+03,8.5259e-11
9.5600e+03,8.5235e-11
9.5700e+03,8.5217e-11
9.5800e+03,8.5205e-11
9.5900e+03,8.5200e-11
9.6000e+03,8.5201e-11
9.6100e+03,8.5208e-11
9.6200e+03,8.5221e-11
9.6300e+03,8.5240e-11
9.6400e+03,8.5264e-11
9.6500e+03,8.5294e-11
9.6600e+03,8.5328e-11
9.6700e+03,8.5365e-11
9.6800e+03,8.5406e-11
9.6900e+03,8.5450e-11
9.7000e+03,8.5497e-11
9.7100e+03,8.5545e-11
9.7200e+03,8.5594e-11
9.7300e+03,8.5645e-11
9.7400e+03,8.5697e-11
9.7500e+03,8.5750e-11
9.7600e+03,8.5803e-11
9.7700e+03,8.5858e-11
9.7800e+03,8.5913e-11
9.7900e+03,8.5969e-11
9.8000e+03,8.6027e-11
9.8100e+03,8.6085e-11
9.8200e+03,8.6145e-11
9.8300e+03,8.6207e-11
9.8400e+03,8.6271e-11
9.8500e+03,8.6337e-11
9.8600e+03,8.6406e-11
9.8700e+03,8.6478e-11
9.8800e+03,8.6552e-11
9.8900e+03,8.6631e-11
9.9000e+03,8.6714e-11
9.9100e+03,8.6802e-11
9.9200e+03,8.6895e-11
9.9300e+03,8.6993e-11
9.9400e+03,8.7097e-11
9.9500e+03,8.7208e-11
9.9600e+03,8.7325e-11
9.9700e+03,8.7447e-11
9.9800e+03,8.7576e-11
9.9900e+03,8.7709e-11
1.0000e+04,8.7846e-11
