# Time , Side-Flux
0.0000e+00,0.0000e+00
1.0000e+01,3.7012e-11
2.0000e+01,7.2994e-11
3.0000e+01,1.0704e-10
4.0000e+01,1.3848e-10
5.0000e+01,1.6687e-10
6.0000e+01,1.9205e-10
7.0000e+01,2.1405e-10
8.0000e+01,2.3306e-10
9.0000e+01,2.4934e-10
1.0000e+02,2.6319e-10
1.1000e+02,2.7495e-10
1.2000e+02,2.8491e-10
1.3000e+02,2.9333e-10
1.4000e+02,3.0046e-10
1.5000e+02,3.0651e-10
1.6000e+02,3.1166e-10
1.7000e+02,3.1604e-10
1.8000e+02,3.1978e-10
1.9000e+02,3.2299e-10
2.0000e+02,3.2575e-10
2.1000e+02,3.2814e-10
2.2000e+02,3.3020e-10
2.3000e+02,3.3200e-10
2.4000e+02,3.3358e-10
2.5000e+02,3.3496e-10
2.6000e+02,3.3619e-10
2.7000e+02,3.3728e-10
2.8000e+02,3.3826e-10
2.9000e+02,3.3914e-10
3.0000e+02,3.3994e-10
3.1000e+02,3.4065e-10
3.2000e+02,3.4130e-10
3.3000e+02,3.4188e-10
3.4000e+02,3.4240e-10
3.5000e+02,3.4287e-10
3.6000e+02,3.4328e-10
3.7000e+02,3.4364e-10
3.8000e+02,3.4395e-10
3.9000e+02,3.4422e-10
4.0000e+02,3.4445e-10
4.1000e+02,3.4465e-10
4.2000e+02,3.4482e-10
4.3000e+02,3.4496e-10
4.4000e+02,3.4507e-10
4.5000e+02,3.4517e-10
4.6000e+02,3.4525e-10
4.7000e+02,3.4531e-10
4.8000e+02,3.4536e-10
4.9000e+02,3.4540e-10
5.0000e+02,3.4543e-10
5.1000e+02,3.4546e-10
5.2000e+02,3.4549e-10
5.3000e+02,3.4552e-10
5.4000e+02,3.4556e-10
5.5000e+02,3.4560e-10
5.6000e+02,3.4565e-10
5.7000e+02,3.4571e-10
5.8000e+02,3.4577e-10
5.9000e+02,3.4584e-10
6.0000e+02,3.4590e-10
6.1000e+02,3.4595e-10
6.2000e+02,3.4599e-10
6.3000e+02,3.4600e-10
6.4000e+02,3.4599e-10
6.5000e+02,3.4595e-10
6.6000e+02,3.4589e-10
6.7000e+02,3.4582e-10
6.8000e+02,3.4575e-10
6.9000e+02,3.4570e-10
7.0000e+02,3.4568e-10
7.1000e+02,3.4570e-10
7.2000e+02,3.4576e-10
7.3000e+02,3.4587e-10
7.4000e+02,3.4603e-10
7.5000e+02,3.4624e-10
7.6000e+02,3.4648e-10
7.7000e+02,3.4676e-10
7.8000e+02,3.4705e-10
7.9000e+02,3.4736e-10
8.0000e+02,3.4768e-10
8.1000e+02,3.4798e-10
8.2000e+02,3.4827e-10
8.3000e+02,3.4853e-10
8.4000e+02,3.4874e-10
8.5000e+02,3.4891e-10
8.6000e+02,3.4902e-10
8.7000e+02,3.4907e-10
8.8000e+02,3.4905e-10
8.9000e+02,3.4896e-10
9.0000e+02,3.4880e-10
9.1000e+02,3.4857e-10
9.2000e+02,3.4828e-10
9.3000e+02,3.4792e-10
9.4000e+02,3.4752e-10
9.5000e+02,3.4707e-10
9.6000e+02,3.4660e-10
9.7000e+02,3.4610e-10
9.8000e+02,3.4561e-10
9.9000e+02,3.4511e-10
1.0000e+03,3.4464e-10
1.0100e+03,3.4418e-10
1.0200e+03,3.4377e-10
1.0300e+03,3.4340e-10
1.0400e+03,3.4308e-10
1.0500e+03,3.4283e-10
1.0600e+03,3.4265e-10
1.0700e+03,3.4256e-10
1.0800e+03,3.4254e-10
1.0900e+03,3.4260e-10
1.1000e+03,3.4273e-10
1.1100e+03,3.4291e-10
1.1200e+03,3.4313e-10
1.1300e+03,3.4338e-10
1.1400e+03,3.4364e-10
1.1500e+03,3.4390e-10
1.1600e+03,3.4416e-10
1.1700e+03,3.4441e-10
1.1800e+03,3.4465e-10
1.1900e+03,3.4488e-10
1.2000e+03,3.4511e-10
1.2100e+03,3.4534e-10
1.2200e+03,3.4557e-10
1.2300e+03,3.4581e-10
1.2400e+03,3.4606e-10
1.2500e+03,3.4631e-10
1.2600e+03,3.4656e-10
1.2700e+03,3.4682e-10
1.2800e+03,3.4706e-10
1.2900e+03,3.4730e-10
1.3000e+03,3.4753e-10
1.3100e+03,3.4775e-10
1.3200e+03,3.4794e-10
1.3300e+03,3.4813e-10
1.3400e+03,3.4828e-10
1.3500e+03,3.4842e-10
1.3600e+03,3.4852e-10
1.3700e+03,3.4859e-10
1.3800e+03,3.4864e-10
1.3900e+03,3.4866e-10
1.4000e+03,3.4866e-10
1.4100e+03,3.4866e-10
1.4200e+03,3.4865e-10
1.4300e+03,3.4864e-10
1.4400e+03,3.4863e-10
1.4500e+03,3.4863e-10
1.4600e+03,3.4862e-10
1.4700e+03,3.4863e-10
1.4800e+03,3.4863e-10
1.4900e+03,3.4863e-10
1.5000e+03,3.4863e-10
1.5100e+03,3.4863e-10
1.5200e+03,3.4863e-10
1.5300e+03,3.4863e-10
1.5400e+03,3.4863e-10
1.5500e+03,3.4862e-10
1.5600e+03,3.4860e-10
1.5700e+03,3.4858e-10
1.5800e+03,3.4856e-10
1.5900e+03,3.4853e-10
1.6000e+03,3.4849e-10
1.6100e+03,3.4845e-10
1.6200e+03,3.4840e-10
1.6300e+03,3.4835e-10
1.6400e+03,3.4828e-10
1.6500e+03,3.4822e-10
1.6600e+03,3.4814e-10
1.6700e+03,3.4805e-10
1.6800e+03,3.4796e-10
1.6900e+03,3.4786e-10
1.7000e+03,3.4776e-10
1.7100e+03,3.4766e-10
1.7200e+03,3.4757e-10
1.7300e+03,3.4748e-10
1.7400e+03,3.4740e-10
1.7500e+03,3.4732e-10
1.7600e+03,3.4726e-10
1.7700e+03,3.4720e-10
1.7800e+03,3.4716e-10
1.7900e+03,3.4713e-10
1.8000e+03,3.4710e-10
1.8100e+03,3.4709e-10
1.8200e+03,3.4708e-10
1.8300e+03,3.4708e-10
1.8400e+03,3.4708e-10
1.8500e+03,3.4708e-10
1.8600e+03,3.4708e-10
1.8700e+03,3.4706e-10
1.8800e+03,3.4704e-10
1.8900e+03,3.4701e-10
1.9000e+03,3.4697e-10
1.9100e+03,3.4693e-10
1.9200e+03,3.4687e-10
1.9300e+03,3.4680e-10
1.9400e+03,3.4673e-10
1.9500e+03,3.4665e-10
1.9600e+03,3.4655e-10
1.9700e+03,3.4645e-10
1.9800e+03,3.4633e-10
1.9900e+03,3.4620e-10
2.0000e+03,3.4606e-10
2.0100e+03,3.4591e-10
2.0200e+03,3.4575e-10
2.0300e+03,3.4558e-10
2.0400e+03,3.4541e-10
2.0500e+03,3.4523e-10
2.0600e+03,3.4504e-10
2.0700e+03,3.4485e-10
2.0800e+03,3.4466e-10
2.0900e+03,3.4448e-10
2.1000e+03,3.4430e-10
2.1100e+03,3.4414e-10
2.1200e+03,3.4400e-10
2.1300e+03,3.4388e-10
2.1400e+03,3.4379e-10
2.1500e+03,3.4374e-10
2.1600e+03,3.4372e-10
2.1700e+03,3.4374e-10
2.1800e+03,3.4379e-10
2.1900e+03,3.4386e-10
2.2000e+03,3.4394e-10
2.2100e+03,3.4403e-10
2.2200e+03,3.4412e-10
2.2300e+03,3.4420e-10
2.2400e+03,3.4428e-10
2.2500e+03,3.4435e-10
2.2600e+03,3.4441e-10
2.2700e+03,3.4447e-10
2.2800e+03,3.4452e-10
2.2900e+03,3.4458e-10
2.3000e+03,3.4463e-10
2.3100e+03,3.4468e-10
2.3200e+03,3.4473e-10
2.3300e+03,3.4478e-10
2.3400e+03,3.4484e-10
2.3500e+03,3.4489e-10
2.3600e+03,3.4493e-10
2.3700e+03,3.4498e-10
2.3800e+03,3.4503e-10
2.3900e+03,3.4507e-10
2.4000e+03,3.4510e-10
2.4100e+03,3.4513e-10
2.4200e+03,3.4515e-10
2.4300e+03,3.4517e-10
2.4400e+03,3.4518e-10
2.4500e+03,3.4520e-10
2.4600e+03,3.4521e-10
2.4700e+03,3.4523e-10
2.4800e+03,3.4525e-10
2.4900e+03,3.4527e-10
2.5000e+03,3.4528e-10
2.5100e+03,3.4530e-10
2.5200e+03,3.4532e-10
2.5300e+03,3.4533e-10
2.5400e+03,3.4533e-10
2.5500e+03,3.4534e-10
2.5600e+03,3.4534e-10
2.5700e+03,3.4534e-10
2.5800e+03,3.4534e-10
2.5900e+03,3.4534e-10
2.6000e+03,3.4534e-10
2.6100e+03,3.4533e-10
2.6200e+03,3.4532e-10
2.6300e+03,3.4531e-10
2.6400e+03,3.4529e-10
2.6500e+03,3.4527e-10
2.6600e+03,3.4525e-10
2.6700e+03,3.4522e-10
2.6800e+03,3.4519e-10
2.6900e+03,3.4517e-10
2.7000e+03,3.4514e-10
2.7100e+03,3.4511e-10
2.7200e+03,3.4508e-10
2.7300e+03,3.4506e-10
2.7400e+03,3.4503e-10
2.7500e+03,3.4501e-10
2.7600e+03,3.4499e-10
2.7700e+03,3.4496e-10
2.7800e+03,3.4493e-10
2.7900e+03,3.4490e-10
2.8000e+03,3.4486e-10
2.8100e+03,3.4483e-10
2.8200e+03,3.4480e-10
2.8300e+03,3.4477e-10
2.8400e+03,3.4476e-10
2.8500e+03,3.4475e-10
2.8600e+03,3.4475e-10
2.8700e+03,3.4476e-10
2.8800e+03,3.4478e-10
2.8900e+03,3.4482e-10
2.9000e+03,3.4487e-10
2.9100e+03,3.4495e-10
2.9200e+03,3.4505e-10
2.9300e+03,3.4518e-10
2.9400e+03,3.4532e-10
2.9500e+03,3.4547e-10
2.9600e+03,3.4561e-10
2.9700e+03,3.4574e-10
2.9800e+03,3.4585e-10
2.9900e+03,3.4594e-10
3.0000e+03,3.4602e-10
3.0100e+03,3.4610e-10
3.0200e+03,3.4618e-10
3.0300e+03,3.4628e-10
3.0400e+03,3.4638e-10
3.0500e+03,3.4649e-10
3.0600e+03,3.4658e-10
3.0700e+03,3.4666e-10
3.0800e+03,3.4670e-10
3.0900e+03,3.4672e-10
3.1000e+03,3.4670e-10
3.1100e+03,3.4667e-10
3.1200e+03,3.4662e-10
3.1300e+03,3.4657e-10
3.1400e+03,3.4652e-10
3.1500e+03,3.4647e-10
3.1600e+03,3.4643e-10
3.1700e+03,3.4640e-10
3.1800e+03,3.4639e-10
3.1900e+03,3.4640e-10
3.2000e+03,3.4644e-10
3.2100e+03,3.4650e-10
3.2200e+03,3.4660e-10
3.2300e+03,3.4670e-10
3.2400e+03,3.4682e-10
3.2500e+03,3.4693e-10
3.2600e+03,3.4703e-10
3.2700e+03,3.4712e-10
3.2800e+03,3.4718e-10
3.2900e+03,3.4722e-10
3.3000e+03,3.4725e-10
3.3100e+03,3.4728e-10
3.3200e+03,3.4732e-10
3.3300e+03,3.4737e-10
3.3400e+03,3.4742e-10
3.3500e+03,3.4749e-10
3.3600e+03,3.4755e-10
3.3700e+03,3.4760e-10
3.3800e+03,3.4763e-10
3.3900e+03,3.4763e-10
3.4000e+03,3.4761e-10
3.4100e+03,3.4757e-10
3.4200e+03,3.4754e-10
3.4300e+03,3.4752e-10
3.4400e+03,3.4752e-10
3.4500e+03,3.4757e-10
3.4600e+03,3.4764e-10
3.4700e+03,3.4773e-10
3.4800e+03,3.4783e-10
3.4900e+03,3.4792e-10
3.5000e+03,3.4799e-10
3.5100e+03,3.4802e-10
3.5200e+03,3.4803e-10
3.5300e+03,3.4802e-10
3.5400e+03,3.4799e-10
3.5500e+03,3.4795e-10
3.5600e+03,3.4792e-10
3.5700e+03,3.4789e-10
3.5800e+03,3.4787e-10
3.5900e+03,3.4786e-10
3.6000e+03,3.4786e-10
3.6100e+03,3.4786e-10
3.6200e+03,3.4787e-10
3.6300e+03,3.4787e-10
3.6400e+03,3.4788e-10
3.6500e+03,3.4788e-10
3.6600e+03,3.4787e-10
3.6700e+03,3.4784e-10
3.6800e+03,3.4779e-10
3.6900e+03,3.4771e-10
3.7000e+03,3.4761e-10
3.7100e+03,3.4750e-10
3.7200e+03,3.4738e-10
3.7300e+03,3.4729e-10
3.7400e+03,3.4723e-10
3.7500e+03,3.4722e-10
3.7600e+03,3.4728e-10
3.7700e+03,3.4739e-10
3.7800e+03,3.4754e-10
3.7900e+03,3.4771e-10
3.8000e+03,3.4787e-10
3.8100e+03,3.4801e-10
3.8200e+03,3.4809e-10
3.8300e+03,3.4811e-10
3.8400e+03,3.4805e-10
3.8500e+03,3.4792e-10
3.8600e+03,3.4771e-10
3.8700e+03,3.4745e-10
3.8800e+03,3.4716e-10
3.8900e+03,3.4684e-10
3.9000e+03,3.4653e-10
3.9100e+03,3.4625e-10
3.9200e+03,3.4602e-10
3.9300e+03,3.4586e-10
3.9400e+03,3.4578e-10
3.9500e+03,3.4579e-10
3.9600e+03,3.4589e-10
3.9700e+03,3.4607e-10
3.9800e+03,3.4633e-10
3.9900e+03,3.4664e-10
4.0000e+03,3.4700e-10
4.0100e+03,3.4738e-10
4.0200e+03,3.4777e-10
4.0300e+03,3.4814e-10
4.0400e+03,3.4848e-10
4.0500e+03,3.4878e-10
4.0600e+03,3.4903e-10
4.0700e+03,3.4924e-10
4.0800e+03,3.4939e-10
4.0900e+03,3.4950e-10
4.1000e+03,3.4956e-10
4.1100e+03,3.4960e-10
4.1200e+03,3.4962e-10
4.1300e+03,3.4962e-10
4.1400e+03,3.4962e-10
4.1500e+03,3.4962e-10
4.1600e+03,3.4961e-10
4.1700e+03,3.4961e-10
4.1800e+03,3.4961e-10
4.1900e+03,3.4961e-10
4.2000e+03,3.4961e-10
4.2100e+03,3.4961e-10
4.2200e+03,3.4962e-10
4.2300e+03,3.4963e-10
4.2400e+03,3.4963e-10
4.2500e+03,3.4964e-10
4.2600e+03,3.4965e-10
4.2700e+03,3.4966e-10
4.2800e+03,3.4967e-10
4.2900e+03,3.4968e-10
4.3000e+03,3.4969e-10
4.3100e+03,3.4970e-10
4.3200e+03,3.4971e-10
4.3300e+03,3.4972e-10
4.3400e+03,3.4972e-10
4.3500e+03,3.4972e-10
4.3600e+03,3.4973e-10
4.3700e+03,3.4973e-10
4.3800e+03,3.4973e-10
4.3900e+03,3.4972e-10
4.4000e+03,3.4972e-10
4.4100e+03,3.4971e-10
4.4200e+03,3.4970e-10
4.4300e+03,3.4969e-10
4.4400e+03,3.4968e-10
4.4500e+03,3.4967e-10
4.4600e+03,3.4965e-10
4.4700e+03,3.4964e-10
4.4800e+03,3.4963e-10
4.4900e+03,3.4962e-10
4.5000e+03,3.4961e-10
4.5100e+03,3.4961e-10
4.5200e+03,3.4960e-10
4.5300e+03,3.4960e-10
4.5400e+03,3.4960e-10
4.5500e+03,3.4960e-10
4.5600e+03,3.4960e-10
4.5700e+03,3.4960e-10
4.5800e+03,3.4960e-10
4.5900e+03,3.4960e-10
4.6000e+03,3.4960e-10
4.6100e+03,3.4960e-10
4.6200e+03,3.4959e-10
4.6300e+03,3.4959e-10
4.6400e+03,3.4958e-10
4.6500e+03,3.4956e-10
4.6600e+03,3.4954e-10
4.6700e+03,3.4951e-10
4.6800e+03,3.4947e-10
4.6900e+03,3.4942e-10
4.7000e+03,3.4934e-10
4.7100e+03,3.4924e-10
4.7200e+03,3.4910e-10
4.7300e+03,3.4892e-10
4.7400e+03,3.4869e-10
4.7500e+03,3.4841e-10
4.7600e+03,3.4808e-10
4.7700e+03,3.4769e-10
4.7800e+03,3.4724e-10
4.7900e+03,3.4674e-10
4.8000e+03,3.4620e-10
4.8100e+03,3.4562e-10
4.8200e+03,3.4503e-10
4.8300e+03,3.4444e-10
4.8400e+03,3.4387e-10
4.8500e+03,3.4334e-10
4.8600e+03,3.4285e-10
4.8700e+03,3.4244e-10
4.8800e+03,3.4212e-10
4.8900e+03,3.4191e-10
4.9000e+03,3.4182e-10
4.9100e+03,3.4187e-10
4.9200e+03,3.4209e-10
4.9300e+03,3.4247e-10
4.9400e+03,3.4302e-10
4.9500e+03,3.4376e-10
4.9600e+03,3.4467e-10
4.9700e+03,3.4575e-10
4.9800e+03,3.4699e-10
4.9900e+03,3.4836e-10
5.0000e+03,3.4985e-10
5.0100e+03,3.5140e-10
5.0200e+03,3.5299e-10
5.0300e+03,3.5457e-10
5.0400e+03,3.5608e-10
5.0500e+03,3.5748e-10
5.0600e+03,3.5872e-10
5.0700e+03,3.5976e-10
5.0800e+03,3.6054e-10
5.0900e+03,3.6104e-10
5.1000e+03,3.6123e-10
5.1100e+03,3.6107e-10
5.1200e+03,3.6056e-10
5.1300e+03,3.5971e-10
5.1400e+03,3.5853e-10
5.1500e+03,3.5708e-10
5.1600e+03,3.5541e-10
5.1700e+03,3.5360e-10
5.1800e+03,3.5174e-10
5.1900e+03,3.4990e-10
5.2000e+03,3.4814e-10
5.2100e+03,3.4654e-10
5.2200e+03,3.4511e-10
5.2300e+03,3.4391e-10
5.2400e+03,3.4293e-10
5.2500e+03,3.4218e-10
5.2600e+03,3.4166e-10
5.2700e+03,3.4135e-10
5.2800e+03,3.4123e-10
5.2900e+03,3.4129e-10
5.3000e+03,3.4150e-10
5.3100e+03,3.4183e-10
5.3200e+03,3.4228e-10
5.3300e+03,3.4280e-10
5.3400e+03,3.4338e-10
5.3500e+03,3.4399e-10
5.3600e+03,3.4460e-10
5.3700e+03,3.4520e-10
5.3800e+03,3.4577e-10
5.3900e+03,3.4629e-10
5.4000e+03,3.4674e-10
5.4100e+03,3.4711e-10
5.4200e+03,3.4739e-10
5.4300e+03,3.4758e-10
5.4400e+03,3.4767e-10
5.4500e+03,3.4765e-10
5.4600e+03,3.4754e-10
5.4700e+03,3.4734e-10
5.4800e+03,3.4706e-10
5.4900e+03,3.4671e-10
5.5000e+03,3.4632e-10
5.5100e+03,3.4589e-10
5.5200e+03,3.4546e-10
5.5300e+03,3.4504e-10
5.5400e+03,3.4465e-10
5.5500e+03,3.4431e-10
5.5600e+03,3.4402e-10
5.5700e+03,3.4378e-10
5.5800e+03,3.4360e-10
5.5900e+03,3.4347e-10
5.6000e+03,3.4338e-10
5.6100e+03,3.4334e-10
5.6200e+03,3.4332e-10
5.6300e+03,3.4333e-10
5.6400e+03,3.4336e-10
5.6500e+03,3.4340e-10
5.6600e+03,3.4346e-10
5.6700e+03,3.4353e-10
5.6800e+03,3.4360e-10
5.6900e+03,3.4369e-10
5.7000e+03,3.4379e-10
5.7100e+03,3.4389e-10
5.7200e+03,3.4401e-10
5.7300e+03,3.4414e-10
5.7400e+03,3.4427e-10
5.7500e+03,3.4440e-10
5.7600e+03,3.4451e-10
5.7700e+03,3.4459e-10
5.7800e+03,3.4463e-10
5.7900e+03,3.4462e-10
5.8000e+03,3.4454e-10
5.8100e+03,3.4440e-10
5.8200e+03,3.4419e-10
5.8300e+03,3.4389e-10
5.8400e+03,3.4350e-10
5.8500e+03,3.4303e-10
5.8600e+03,3.4247e-10
5.8700e+03,3.4183e-10
5.8800e+03,3.4112e-10
5.8900e+03,3.4034e-10
5.9000e+03,3.3952e-10
5.9100e+03,3.3866e-10
5.9200e+03,3.3776e-10
5.9300e+03,3.3683e-10
5.9400e+03,3.3587e-10
5.9500e+03,3.3488e-10
5.9600e+03,3.3385e-10
5.9700e+03,3.3280e-10
5.9800e+03,3.3172e-10
5.9900e+03,3.3061e-10
6.0000e+03,3.2948e-10
6.0100e+03,3.2834e-10
6.0200e+03,3.2717e-10
6.0300e+03,3.2596e-10
6.0400e+03,3.2473e-10
6.0500e+03,3.2344e-10
6.0600e+03,3.2211e-10
6.0700e+03,3.2072e-10
6.0800e+03,3.1927e-10
6.0900e+03,3.1777e-10
6.1000e+03,3.1623e-10
6.1100e+03,3.1463e-10
6.1200e+03,3.1300e-10
6.1300e+03,3.1133e-10
6.1400e+03,3.0963e-10
6.1500e+03,3.0789e-10
6.1600e+03,3.0612e-10
6.1700e+03,3.0433e-10
6.1800e+03,3.0252e-10
6.1900e+03,3.0071e-10
6.2000e+03,2.9892e-10
6.2100e+03,2.9717e-10
6.2200e+03,2.9549e-10
6.2300e+03,2.9391e-10
6.2400e+03,2.9245e-10
6.2500e+03,2.9114e-10
6.2600e+03,2.8999e-10
6.2700e+03,2.8900e-10
6.2800e+03,2.8818e-10
6.2900e+03,2.8754e-10
6.3000e+03,2.8706e-10
6.3100e+03,2.8674e-10
6.3200e+03,2.8658e-10
6.3300e+03,2.8658e-10
6.3400e+03,2.8673e-10
6.3500e+03,2.8701e-10
6.3600e+03,2.8742e-10
6.3700e+03,2.8793e-10
6.3800e+03,2.8853e-10
6.3900e+03,2.8921e-10
6.4000e+03,2.8995e-10
6.4100e+03,2.9075e-10
6.4200e+03,2.9160e-10
6.4300e+03,2.9251e-10
6.4400e+03,2.9347e-10
6.4500e+03,2.9451e-10
6.4600e+03,2.9561e-10
6.4700e+03,2.9678e-10
6.4800e+03,2.9801e-10
6.4900e+03,2.9929e-10
6.5000e+03,3.0059e-10
6.5100e+03,3.0191e-10
6.5200e+03,3.0321e-10
6.5300e+03,3.0447e-10
6.5400e+03,3.0568e-10
6.5500e+03,3.0681e-10
6.5600e+03,3.0784e-10
6.5700e+03,3.0878e-10
6.5800e+03,3.0961e-10
6.5900e+03,3.1032e-10
6.6000e+03,3.1092e-10
6.6100e+03,3.1141e-10
6.6200e+03,3.1180e-10
6.6300e+03,3.1211e-10
6.6400e+03,3.1234e-10
6.6500e+03,3.1251e-10
6.6600e+03,3.1265e-10
6.6700e+03,3.1275e-10
6.6800e+03,3.1282e-10
6.6900e+03,3.1288e-10
6.7000e+03,3.1292e-10
6.7100e+03,3.1296e-10
6.7200e+03,3.1299e-10
6.7300e+03,3.1300e-10
6.7400e+03,3.1300e-10
6.7500e+03,3.1299e-10
6.7600e+03,3.1294e-10
6.7700e+03,3.1287e-10
6.7800e+03,3.1275e-10
6.7900e+03,3.1260e-10
6.8000e+03,3.1240e-10
6.8100e+03,3.1216e-10
6.8200e+03,3.1191e-10
6.8300e+03,3.1165e-10
6.8400e+03,3.1139e-10
6.8500e+03,3.1116e-10
6.8600e+03,3.1096e-10
6.8700e+03,3.1081e-10
6.8800e+03,3.1072e-10
6.8900e+03,3.1069e-10
6.9000e+03,3.1073e-10
6.9100e+03,3.1086e-10
6.9200e+03,3.1106e-10
6.9300e+03,3.1135e-10
6.9400e+03,3.1173e-10
6.9500e+03,3.1220e-10
6.9600e+03,3.1277e-10
6.9700e+03,3.1343e-10
6.9800e+03,3.1418e-10
6.9900e+03,3.1503e-10
7.0000e+03,3.1596e-10
7.0100e+03,3.1696e-10
7.0200e+03,3.1804e-10
7.0300e+03,3.1918e-10
7.0400e+03,3.2040e-10
7.0500e+03,3.2172e-10
7.0600e+03,3.2315e-10
7.0700e+03,3.2473e-10
7.0800e+03,3.2648e-10
7.0900e+03,3.2844e-10
7.1000e+03,3.3061e-10
7.1100e+03,3.3302e-10
7.1200e+03,3.3564e-10
7.1300e+03,3.3845e-10
7.1400e+03,3.4141e-10
7.1500e+03,3.4446e-10
7.1600e+03,3.4755e-10
7.1700e+03,3.5062e-10
7.1800e+03,3.5361e-10
7.1900e+03,3.5647e-10
7.2000e+03,3.5918e-10
7.2100e+03,3.6173e-10
7.2200e+03,3.6411e-10
7.2300e+03,3.6634e-10
7.2400e+03,3.6844e-10
7.2500e+03,3.7041e-10
7.2600e+03,3.7228e-10
7.2700e+03,3.7403e-10
7.2800e+03,3.7566e-10
7.2900e+03,3.7716e-10
7.3000e+03,3.7851e-10
7.3100e+03,3.7972e-10
7.3200e+03,3.8077e-10
7.3300e+03,3.8169e-10
7.3400e+03,3.8249e-10
7.3500e+03,3.8321e-10
7.3600e+03,3.8388e-10
7.3700e+03,3.8452e-10
7.3800e+03,3.8518e-10
7.3900e+03,3.8587e-10
7.4000e+03,3.8660e-10
7.4100e+03,3.8738e-10
7.4200e+03,3.8818e-10
7.4300e+03,3.8900e-10
7.4400e+03,3.8983e-10
7.4500e+03,3.9063e-10
7.4600e+03,3.9139e-10
7.4700e+03,3.9211e-10
7.4800e+03,3.9276e-10
7.4900e+03,3.9335e-10
7.5000e+03,3.9386e-10
7.5100e+03,3.9430e-10
7.5200e+03,3.9466e-10
7.5300e+03,3.9496e-10
7.5400e+03,3.9519e-10
7.5500e+03,3.9537e-10
7.5600e+03,3.9551e-10
7.5700e+03,3.9561e-10
7.5800e+03,3.9569e-10
7.5900e+03,3.9575e-10
7.6000e+03,3.9579e-10
7.6100e+03,3.9581e-10
7.6200e+03,3.9582e-10
7.6300e+03,3.9581e-10
7.6400e+03,3.9580e-10
7.6500e+03,3.9578e-10
7.6600e+03,3.9576e-10
7.6700e+03,3.9573e-10
7.6800e+03,3.9571e-10
7.6900e+03,3.9568e-10
7.7000e+03,3.9566e-10
7.7100e+03,3.9565e-10
7.7200e+03,3.9564e-10
7.7300e+03,3.9563e-10
7.7400e+03,3.9564e-10
7.7500e+03,3.9566e-10
7.7600e+03,3.9569e-10
7.7700e+03,3.9575e-10
7.7800e+03,3.9584e-10
7.7900e+03,3.9598e-10
7.8000e+03,3.9617e-10
7.8100e+03,3.9642e-10
7.8200e+03,3.9674e-10
7.8300e+03,3.9713e-10
7.8400e+03,3.9760e-10
7.8500e+03,3.9815e-10
7.8600e+03,3.9876e-10
7.8700e+03,3.9944e-10
7.8800e+03,4.0018e-10
7.8900e+03,4.0096e-10
7.9000e+03,4.0178e-10
7.9100e+03,4.0262e-10
7.9200e+03,4.0349e-10
7.9300e+03,4.0437e-10
7.9400e+03,4.0525e-10
7.9500e+03,4.0613e-10
7.9600e+03,4.0700e-10
7.9700e+03,4.0785e-10
7.9800e+03,4.0869e-10
7.9900e+03,4.0951e-10
8.0000e+03,4.1031e-10
8.0100e+03,4.1107e-10
8.0200e+03,4.1180e-10
8.0300e+03,4.1247e-10
8.0400e+03,4.1306e-10
8.0500e+03,4.1358e-10
8.0600e+03,4.1398e-10
8.0700e+03,4.1428e-10
8.0800e+03,4.1445e-10
8.0900e+03,4.1449e-10
8.1000e+03,4.1441e-10
8.1100e+03,4.1422e-10
8.1200e+03,4.1393e-10
8.1300e+03,4.1358e-10
8.1400e+03,4.1318e-10
8.1500e+03,4.1278e-10
8.1600e+03,4.1240e-10
8.1700e+03,4.1208e-10
8.1800e+03,4.1185e-10
8.1900e+03,4.1170e-10
8.2000e+03,4.1162e-10
8.2100e+03,4.1161e-10
8.2200e+03,4.1162e-10
8.2300e+03,4.1160e-10
8.2400e+03,4.1153e-10
8.2500e+03,4.1136e-10
8.2600e+03,4.1107e-10
8.2700e+03,4.1066e-10
8.2800e+03,4.1012e-10
8.2900e+03,4.0948e-10
8.3000e+03,4.0876e-10
8.3100e+03,4.0800e-10
8.3200e+03,4.0722e-10
8.3300e+03,4.0645e-10
8.3400e+03,4.0572e-10
8.3500e+03,4.0502e-10
8.3600e+03,4.0438e-10
8.3700e+03,4.0379e-10
8.3800e+03,4.0325e-10
8.3900e+03,4.0274e-10
8.4000e+03,4.0225e-10
8.4100e+03,4.0179e-10
8.4200e+03,4.0133e-10
8.4300e+03,4.0086e-10
8.4400e+03,4.0038e-10
8.4500e+03,3.9988e-10
8.4600e+03,3.9937e-10
8.4700e+03,3.9884e-10
8.4800e+03,3.9830e-10
8.4900e+03,3.9776e-10
8.5000e+03,3.9724e-10
8.5100e+03,3.9676e-10
8.5200e+03,3.9631e-10
8.5300e+03,3.9594e-10
8.5400e+03,3.9564e-10
8.5500e+03,3.9544e-10
8.5600e+03,3.9534e-10
8.5700e+03,3.9535e-10
8.5800e+03,3.9544e-10
8.5900e+03,3.9561e-10
8.6000e+03,3.9583e-10
8.6100e+03,3.9608e-10
8.6200e+03,3.9633e-10
8.6300e+03,3.9656e-10
8.6400e+03,3.9676e-10
8.6500e+03,3.9692e-10
8.6600e+03,3.9703e-10
8.6700e+03,3.9710e-10
8.6800e+03,3.9713e-10
8.6900e+03,3.9713e-10
8.7000e+03,3.9709e-10
8.7100e+03,3.9704e-10
8.7200e+03,3.9697e-10
8.7300e+03,3.9688e-10
8.7400e+03,3.9679e-10
8.7500e+03,3.9668e-10
8.7600e+03,3.9657e-10
8.7700e+03,3.9646e-10
8.7800e+03,3.9635e-10
8.7900e+03,3.9624e-10
8.8000e+03,3.9613e-10
8.8100e+03,3.9604e-10
8.8200e+03,3.9597e-10
8.8300e+03,3.9593e-10
8.8400e+03,3.9591e-10
8.8500e+03,3.9592e-10
8.8600e+03,3.9595e-10
8.8700e+03,3.9600e-10
8.8800e+03,3.9605e-10
8.8900e+03,3.9609e-10
8.9000e+03,3.9611e-10
8.9100e+03,3.9610e-10
8.9200e+03,3.9605e-10
8.9300e+03,3.9596e-10
8.9400e+03,3.9584e-10
8.9500e+03,3.9571e-10
8.9600e+03,3.9557e-10
8.9700e+03,3.9544e-10
8.9800e+03,3.9534e-10
8.9900e+03,3.9528e-10
9.0000e+03,3.9527e-10
9.0100e+03,3.9533e-10
9.0200e+03,3.9546e-10
9.0300e+03,3.9568e-10
9.0400e+03,3.9599e-10
9.0500e+03,3.9638e-10
9.0600e+03,3.9686e-10
9.0700e+03,3.9740e-10
9.0800e+03,3.9801e-10
9.0900e+03,3.9865e-10
9.1000e+03,3.9931e-10
9.1100e+03,3.9999e-10
9.1200e+03,4.0066e-10
9.1300e+03,4.0133e-10
9.1400e+03,4.0196e-10
9.1500e+03,4.0257e-10
9.1600e+03,4.0314e-10
9.1700e+03,4.0368e-10
9.1800e+03,4.0419e-10
9.1900e+03,4.0469e-10
9.2000e+03,4.0517e-10
9.2100e+03,4.0565e-10
9.2200e+03,4.0613e-10
9.2300e+03,4.0661e-10
9.2400e+03,4.0711e-10
9.2500e+03,4.0761e-10
9.2600e+03,4.0814e-10
9.2700e+03,4.0869e-10
9.2800e+03,4.0928e-10
9.2900e+03,4.0993e-10
9.3000e+03,4.1063e-10
9.3100e+03,4.1139e-10
9.3200e+03,4.1219e-10
9.3300e+03,4.1301e-10
9.3400e+03,4.1382e-10
9.3500e+03,4.1459e-10
9.3600e+03,4.1528e-10
9.3700e+03,4.1587e-10
9.3800e+03,4.1633e-10
9.3900e+03,4.1665e-10
9.4000e+03,4.1682e-10
9.4100e+03,4.1686e-10
9.4200e+03,4.1677e-10
9.4300e+03,4.1657e-10
9.4400e+03,4.1628e-10
9.4500e+03,4.1593e-10
9.4600e+03,4.1553e-10
9.4700e+03,4.1512e-10
9.4800e+03,4.1471e-10
9.4900e+03,4.1431e-10
9.5000e+03,4.1394e-10
9.5100e+03,4.1363e-10
9.5200e+03,4.1337e-10
9.5300e+03,4.1319e-10
9.5400e+03,4.1308e-10
9.5500e+03,4.1305e-10
9.5600e+03,4.1311e-10
9.5700e+03,4.1325e-10
9.5800e+03,4.1346e-10
9.5900e+03,4.1374e-10
9.6000e+03,4.1406e-10
9.6100e+03,4.1443e-10
9.6200e+03,4.1482e-10
9.6300e+03,4.1522e-10
9.6400e+03,4.1562e-10
9.6500e+03,4.1602e-10
9.6600e+03,4.1641e-10
9.6700e+03,4.1678e-10
9.6800e+03,4.1712e-10
9.6900e+03,4.1743e-10
9.7000e+03,4.1770e-10
9.7100e+03,4.1794e-10
9.7200e+03,4.1814e-10
9.7300e+03,4.1831e-10
9.7400e+03,4.1845e-10
9.7500e+03,4.1857e-10
9.7600e+03,4.1868e-10
9.7700e+03,4.1877e-10
9.7800e+03,4.1886e-10
9.7900e+03,4.1896e-10
9.8000e+03,4.1905e-10
9.8100e+03,4.1916e-10
9.8200e+03,4.1928e-10
9.8300e+03,4.1941e-10
9.8400e+03,4.1956e-10
9.8500e+03,4.1971e-10
9.8600e+03,4.1989e-10
9.8700e+03,4.2007e-10
9.8800e+03,4.2026e-10
9.8900e+03,4.2048e-10
9.9000e+03,4.2071e-10
9.9100e+03,4.2098e-10
9.9200e+03,4.2131e-10
9.9300e+03,4.2171e-10
9.9400e+03,4.2220e-10
9.9500e+03,4.2280e-10
9.9600e+03,4.2352e-10
9.9700e+03,4.2436e-10
9.9800e+03,4.2531e-10
9.9900e+03,4.2635e-10
1.0000e+04,4.2747e-10
