# Time , Side-Flux
0.0000e+00,0.0000e+00
1.0000e+01,1.7066e-09
2.0000e+01,3.3486e-09
3.0000e+01,4.8724e-09
4.0000e+01,6.2428e-09
5.0000e+01,7.4441e-09
6.0000e+01,8.4767e-09
7.0000e+01,9.3520e-09
8.0000e+01,1.0087e-08
9.0000e+01,1.0701e-08
1.0000e+02,1.1212e-08
1.1000e+02,1.1637e-08
1.2000e+02,1.1991e-08
1.3000e+02,1.2287e-08
1.4000e+02,1.2534e-08
1.5000e+02,1.2742e-08
1.6000e+02,1.2917e-08
1.7000e+02,1.3064e-08
1.8000e+02,1.3190e-08
1.9000e+02,1.3297e-08
2.0000e+02,1.3388e-08
2.1000e+02,1.3467e-08
2.2000e+02,1.3535e-08
2.3000e+02,1.3593e-08
2.4000e+02,1.3644e-08
2.5000e+02,1.3689e-08
2.6000e+02,1.3729e-08
2.7000e+02,1.3764e-08
2.8000e+02,1.3795e-08
2.9000e+02,1.3824e-08
3.0000e+02,1.3850e-08
3.1000e+02,1.3873e-08
3.2000e+02,1.3895e-08
3.3000e+02,1.3914e-08
3.4000e+02,1.3932e-08
3.5000e+02,1.3947e-08
3.6000e+02,1.3961e-08
3.7000e+02,1.3974e-08
3.8000e+02,1.3984e-08
3.9000e+02,1.3994e-08
4.0000e+02,1.4001e-08
4.1000e+02,1.4008e-08
4.2000e+02,1.4013e-08
4.3000e+02,1.4017e-08
4.4000e+02,1.4021e-08
4.5000e+02,1.4024e-08
4.6000e+02,1.4027e-08
4.7000e+02,1.4029e-08
4.8000e+02,1.4030e-08
4.9000e+02,1.4031e-08
5.0000e+02,1.4032e-08
5.1000e+02,1.4033e-08
5.2000e+02,1.4033e-08
5.3000e+02,1.4033e-08
5.4000e+02,1.4034e-08
5.5000e+02,1.4035e-08
5.6000e+02,1.4036e-08
5.7000e+02,1.4037e-08
5.8000e+02,1.4039e-08
5.9000e+02,1.4041e-08
6.0000e+02,1.4044e-08
6.1000e+02,1.4046e-08
6.2000e+02,1.4047e-08
6.3000e+02,1.4048e-08
6.4000e+02,1.4047e-08
6.5000e+02,1.4045e-08
6.6000e+02,1.4042e-08
6.7000e+02,1.4038e-08
6.8000e+02,1.4033e-08
6.9000e+02,1.4029e-08
7.0000e+02,1.4025e-08
7.1000e+02,1.4023e-08
7.2000e+02,1.4024e-08
7.3000e+02,1.4026e-08
7.4000e+02,1.4030e-08
7.5000e+02,1.4037e-08
7.6000e+02,1.4045e-08
7.7000e+02,1.4054e-08
7.8000e+02,1.4063e-08
7.9000e+02,1.4074e-08
8.0000e+02,1.4084e-08
8.1000e+02,1.4095e-08
8.2000e+02,1.4105e-08
8.3000e+02,1.4115e-08
8.4000e+02,1.4124e-08
8.5000e+02,1.4131e-08
8.6000e+02,1.4135e-08
8.7000e+02,1.4137e-08
8.8000e+02,1.4136e-08
8.9000e+02,1.4132e-08
9.0000e+02,1.4125e-08
9.1000e+02,1.4116e-08
9.2000e+02,1.4106e-08
9.3000e+02,1.4094e-08
9.4000e+02,1.4080e-08
9.5000e+02,1.4066e-08
9.6000e+02,1.4051e-08
9.7000e+02,1.4035e-08
9.8000e+02,1.4019e-08
9.9000e+02,1.4001e-08
1.0000e+03,1.3983e-08
1.0100e+03,1.3963e-08
1.0200e+03,1.3944e-08
1.0300e+03,1.3925e-08
1.0400e+03,1.3909e-08
1.0500e+03,1.3896e-08
1.0600e+03,1.3889e-08
1.0700e+03,1.3886e-08
1.0800e+03,1.3889e-08
1.0900e+03,1.3896e-08
1.1000e+03,1.3907e-08
1.1100e+03,1.3921e-08
1.1200e+03,1.3935e-08
1.1300e+03,1.3948e-08
1.1400e+03,1.3960e-08
1.1500e+03,1.3969e-08
1.1600e+03,1.3976e-08
1.1700e+03,1.3982e-08
1.1800e+03,1.3985e-08
1.1900e+03,1.3988e-08
1.2000e+03,1.3989e-08
1.2100e+03,1.3991e-08
1.2200e+03,1.3993e-08
1.2300e+03,1.3996e-08
1.2400e+03,1.4002e-08
1.2500e+03,1.4010e-08
1.2600e+03,1.4019e-08
1.2700e+03,1.4030e-08
1.2800e+03,1.4040e-08
1.2900e+03,1.4050e-08
1.3000e+03,1.4059e-08
1.3100e+03,1.4068e-08
1.3200e+03,1.4077e-08
1.3300e+03,1.4086e-08
1.3400e+03,1.4096e-08
1.3500e+03,1.4105e-08
1.3600e+03,1.4113e-08
1.3700e+03,1.4119e-08
1.3800e+03,1.4123e-08
1.3900e+03,1.4124e-08
1.4000e+03,1.4123e-08
1.4100e+03,1.4120e-08
1.4200e+03,1.4117e-08
1.4300e+03,1.4113e-08
1.4400e+03,1.4110e-08
1.4500e+03,1.4108e-08
1.4600e+03,1.4107e-08
1.4700e+03,1.4106e-08
1.4800e+03,1.4106e-08
1.4900e+03,1.4106e-08
1.5000e+03,1.4106e-08
1.5100e+03,1.4106e-08
1.5200e+03,1.4105e-08
1.5300e+03,1.4104e-08
1.5400e+03,1.4103e-08
1.5500e+03,1.4102e-08
1.5600e+03,1.4101e-08
1.5700e+03,1.4099e-08
1.5800e+03,1.4097e-08
1.5900e+03,1.4095e-08
1.6000e+03,1.4092e-08
1.6100e+03,1.4089e-08
1.6200e+03,1.4086e-08
1.6300e+03,1.4084e-08
1.6400e+03,1.4082e-08
1.6500e+03,1.4081e-08
1.6600e+03,1.4080e-08
1.6700e+03,1.4079e-08
1.6800e+03,1.4077e-08
1.6900e+03,1.4074e-08
1.7000e+03,1.4071e-08
1.7100e+03,1.4068e-08
1.7200e+03,1.4065e-08
1.7300e+03,1.4063e-08
1.7400e+03,1.4062e-08
1.7500e+03,1.4062e-08
1.7600e+03,1.4062e-08
1.7700e+03,1.4063e-08
1.7800e+03,1.4063e-08
1.7900e+03,1.4062e-08
1.8000e+03,1.4062e-08
1.8100e+03,1.4062e-08
1.8200e+03,1.4062e-08
1.8300e+03,1.4061e-08
1.8400e+03,1.4060e-08
1.8500e+03,1.4059e-08
1.8600e+03,1.4056e-08
1.8700e+03,1.4053e-08
1.8800e+03,1.4050e-08
1.8900e+03,1.4046e-08
1.9000e+03,1.4043e-08
1.9100e+03,1.4040e-08
1.9200e+03,1.4038e-08
1.9300e+03,1.4036e-08
1.9400e+03,1.4036e-08
1.9500e+03,1.4035e-08
1.9600e+03,1.4034e-08
1.9700e+03,1.4031e-08
1.9800e+03,1.4027e-08
1.9900e+03,1.4020e-08
2.0000e+03,1.4012e-08
2.0100e+03,1.4003e-08
2.0200e+03,1.3993e-08
2.0300e+03,1.3984e-08
2.0400e+03,1.3975e-08
2.0500e+03,1.3966e-08
2.0600e+03,1.3956e-08
2.0700e+03,1.3946e-08
2.0800e+03,1.3935e-08
2.0900e+03,1.3925e-08
2.1000e+03,1.3916e-08
2.1100e+03,1.3907e-08
2.1200e+03,1.3901e-08
2.1300e+03,1.3896e-08
2.1400e+03,1.3895e-08
2.1500e+03,1.3896e-08
2.1600e+03,1.3902e-08
2.1700e+03,1.3911e-08
2.1800e+03,1.3923e-08
2.1900e+03,1.3938e-08
2.2000e+03,1.3954e-08
2.2100e+03,1.3969e-08
2.2200e+03,1.3982e-08
2.2300e+03,1.3991e-08
2.2400e+03,1.3997e-08
2.2500e+03,1.3998e-08
2.2600e+03,1.3996e-08
2.2700e+03,1.3992e-08
2.2800e+03,1.3987e-08
2.2900e+03,1.3981e-08
2.3000e+03,1.3977e-08
2.3100e+03,1.3974e-08
2.3200e+03,1.3973e-08
2.3300e+03,1.3973e-08
2.3400e+03,1.3974e-08
2.3500e+03,1.3975e-08
2.3600e+03,1.3977e-08
2.3700e+03,1.3978e-08
2.3800e+03,1.3980e-08
2.3900e+03,1.3981e-08
2.4000e+03,1.3982e-08
2.4100e+03,1.3984e-08
2.4200e+03,1.3985e-08
2.4300e+03,1.3985e-08
2.4400e+03,1.3985e-08
2.4500e+03,1.3984e-08
2.4600e+03,1.3984e-08
2.4700e+03,1.3983e-08
2.4800e+03,1.3983e-08
2.4900e+03,1.3983e-08
2.5000e+03,1.3984e-08
2.5100e+03,1.3985e-08
2.5200e+03,1.3986e-08
2.5300e+03,1.3987e-08
2.5400e+03,1.3987e-08
2.5500e+03,1.3987e-08
2.5600e+03,1.3986e-08
2.5700e+03,1.3986e-08
2.5800e+03,1.3985e-08
2.5900e+03,1.3984e-08
2.6000e+03,1.3983e-08
2.6100e+03,1.3982e-08
2.6200e+03,1.3981e-08
2.6300e+03,1.3980e-08
2.6400e+03,1.3979e-08
2.6500e+03,1.3977e-08
2.6600e+03,1.3976e-08
2.6700e+03,1.3974e-08
2.6800e+03,1.3973e-08
2.6900e+03,1.3972e-08
2.7000e+03,1.3972e-08
2.7100e+03,1.3972e-08
2.7200e+03,1.3973e-08
2.7300e+03,1.3974e-08
2.7400e+03,1.3975e-08
2.7500e+03,1.3976e-08
2.7600e+03,1.3976e-08
2.7700e+03,1.3975e-08
2.7800e+03,1.3971e-08
2.7900e+03,1.3967e-08
2.8000e+03,1.3962e-08
2.8100e+03,1.3956e-08
2.8200e+03,1.3951e-08
2.8300e+03,1.3947e-08
2.8400e+03,1.3943e-08
2.8500e+03,1.3939e-08
2.8600e+03,1.3935e-08
2.8700e+03,1.3930e-08
2.8800e+03,1.3927e-08
2.8900e+03,1.3925e-08
2.9000e+03,1.3926e-08
2.9100e+03,1.3931e-08
2.9200e+03,1.3940e-08
2.9300e+03,1.3953e-08
2.9400e+03,1.3968e-08
2.9500e+03,1.3983e-08
2.9600e+03,1.3996e-08
2.9700e+03,1.4006e-08
2.9800e+03,1.4013e-08
2.9900e+03,1.4017e-08
3.0000e+03,1.4019e-08
3.0100e+03,1.4021e-08
3.0200e+03,1.4024e-08
3.0300e+03,1.4028e-08
3.0400e+03,1.4033e-08
3.0500e+03,1.4039e-08
3.0600e+03,1.4043e-08
3.0700e+03,1.4047e-08
3.0800e+03,1.4049e-08
3.0900e+03,1.4050e-08
3.1000e+03,1.4049e-08
3.1100e+03,1.4046e-08
3.1200e+03,1.4042e-08
3.1300e+03,1.4035e-08
3.1400e+03,1.4027e-08
3.1500e+03,1.4018e-08
3.1600e+03,1.4010e-08
3.1700e+03,1.4004e-08
3.1800e+03,1.4000e-08
3.1900e+03,1.3999e-08
3.2000e+03,1.4001e-08
3.2100e+03,1.4005e-08
3.2200e+03,1.4011e-08
3.2300e+03,1.4016e-08
3.2400e+03,1.4020e-08
3.2500e+03,1.4023e-08
3.2600e+03,1.4024e-08
3.2700e+03,1.4026e-08
3.2800e+03,1.4027e-08
3.2900e+03,1.4031e-08
3.3000e+03,1.4036e-08
3.3100e+03,1.4044e-08
3.3200e+03,1.4053e-08
3.3300e+03,1.4061e-08
3.3400e+03,1.4068e-08
3.3500e+03,1.4073e-08
3.3600e+03,1.4076e-08
3.3700e+03,1.4075e-08
3.3800e+03,1.4072e-08
3.3900e+03,1.4066e-08
3.4000e+03,1.4060e-08
3.4100e+03,1.4053e-08
3.4200e+03,1.4046e-08
3.4300e+03,1.4042e-08
3.4400e+03,1.4040e-08
3.4500e+03,1.4042e-08
3.4600e+03,1.4048e-08
3.4700e+03,1.4055e-08
3.4800e+03,1.4064e-08
3.4900e+03,1.4073e-08
3.5000e+03,1.4080e-08
3.5100e+03,1.4084e-08
3.5200e+03,1.4086e-08
3.5300e+03,1.4085e-08
3.5400e+03,1.4083e-08
3.5500e+03,1.4079e-08
3.5600e+03,1.4076e-08
3.5700e+03,1.4073e-08
3.5800e+03,1.4071e-08
3.5900e+03,1.4070e-08
3.6000e+03,1.4069e-08
3.6100e+03,1.4069e-08
3.6200e+03,1.4068e-08
3.6300e+03,1.4066e-08
3.6400e+03,1.4063e-08
3.6500e+03,1.4060e-08
3.6600e+03,1.4055e-08
3.6700e+03,1.4051e-08
3.6800e+03,1.4046e-08
3.6900e+03,1.4041e-08
3.7000e+03,1.4035e-08
3.7100e+03,1.4029e-08
3.7200e+03,1.4024e-08
3.7300e+03,1.4021e-08
3.7400e+03,1.4022e-08
3.7500e+03,1.4026e-08
3.7600e+03,1.4036e-08
3.7700e+03,1.4048e-08
3.7800e+03,1.4062e-08
3.7900e+03,1.4075e-08
3.8000e+03,1.4084e-08
3.8100e+03,1.4088e-08
3.8200e+03,1.4085e-08
3.8300e+03,1.4076e-08
3.8400e+03,1.4063e-08
3.8500e+03,1.4047e-08
3.8600e+03,1.4028e-08
3.8700e+03,1.4009e-08
3.8800e+03,1.3990e-08
3.8900e+03,1.3973e-08
3.9000e+03,1.3959e-08
3.9100e+03,1.3950e-08
3.9200e+03,1.3947e-08
3.9300e+03,1.3950e-08
3.9400e+03,1.3960e-08
3.9500e+03,1.3977e-08
3.9600e+03,1.3999e-08
3.9700e+03,1.4025e-08
3.9800e+03,1.4055e-08
3.9900e+03,1.4085e-08
4.0000e+03,1.4116e-08
4.0100e+03,1.4145e-08
4.0200e+03,1.4171e-08
4.0300e+03,1.4194e-08
4.0400e+03,1.4212e-08
4.0500e+03,1.4225e-08
4.0600e+03,1.4233e-08
4.0700e+03,1.4237e-08
4.0800e+03,1.4236e-08
4.0900e+03,1.4231e-08
4.1000e+03,1.4224e-08
4.1100e+03,1.4216e-08
4.1200e+03,1.4207e-08
4.1300e+03,1.4198e-08
4.1400e+03,1.4190e-08
4.1500e+03,1.4184e-08
4.1600e+03,1.4181e-08
4.1700e+03,1.4179e-08
4.1800e+03,1.4179e-08
4.1900e+03,1.4181e-08
4.2000e+03,1.4183e-08
4.2100e+03,1.4187e-08
4.2200e+03,1.4190e-08
4.2300e+03,1.4194e-08
4.2400e+03,1.4197e-08
4.2500e+03,1.4200e-08
4.2600e+03,1.4203e-08
4.2700e+03,1.4205e-08
4.2800e+03,1.4207e-08
4.2900e+03,1.4208e-08
4.3000e+03,1.4209e-08
4.3100e+03,1.4210e-08
4.3200e+03,1.4210e-08
4.3300e+03,1.4210e-08
4.3400e+03,1.4209e-08
4.3500e+03,1.4208e-08
4.3600e+03,1.4207e-08
4.3700e+03,1.4206e-08
4.3800e+03,1.4204e-08
4.3900e+03,1.4202e-08
4.4000e+03,1.4200e-08
4.4100e+03,1.4197e-08
4.4200e+03,1.4195e-08
4.4300e+03,1.4192e-08
4.4400e+03,1.4190e-08
4.4500e+03,1.4188e-08
4.4600e+03,1.4187e-08
4.4700e+03,1.4186e-08
4.4800e+03,1.4185e-08
4.4900e+03,1.4185e-08
4.5000e+03,1.4185e-08
4.5100e+03,1.4185e-08
4.5200e+03,1.4186e-08
4.5300e+03,1.4188e-08
4.5400e+03,1.4190e-08
4.5500e+03,1.4191e-08
4.5600e+03,1.4193e-08
4.5700e+03,1.4195e-08
4.5800e+03,1.4197e-08
4.5900e+03,1.4199e-08
4.6000e+03,1.4201e-08
4.6100e+03,1.4202e-08
4.6200e+03,1.4203e-08
4.6300e+03,1.4204e-08
4.6400e+03,1.4205e-08
4.6500e+03,1.4206e-08
4.6600e+03,1.4206e-08
4.6700e+03,1.4206e-08
4.6800e+03,1.4205e-08
4.6900e+03,1.4203e-08
4.7000e+03,1.4200e-08
4.7100e+03,1.4196e-08
4.7200e+03,1.4190e-08
4.7300e+03,1.4182e-08
4.7400e+03,1.4172e-08
4.7500e+03,1.4160e-08
4.7600e+03,1.4146e-08
4.7700e+03,1.4131e-08
4.7800e+03,1.4115e-08
4.7900e+03,1.4099e-08
4.8000e+03,1.4084e-08
4.8100e+03,1.4071e-08
4.8200e+03,1.4061e-08
4.8300e+03,1.4053e-08
4.8400e+03,1.4050e-08
4.8500e+03,1.4049e-08
4.8600e+03,1.4052e-08
4.8700e+03,1.4060e-08
4.8800e+03,1.4071e-08
4.8900e+03,1.4087e-08
4.9000e+03,1.4109e-08
4.9100e+03,1.4137e-08
4.9200e+03,1.4172e-08
4.9300e+03,1.4215e-08
4.9400e+03,1.4266e-08
4.9500e+03,1.4324e-08
4.9600e+03,1.4387e-08
4.9700e+03,1.4453e-08
4.9800e+03,1.4520e-08
4.9900e+03,1.4585e-08
5.0000e+03,1.4647e-08
5.0100e+03,1.4705e-08
5.0200e+03,1.4760e-08
5.0300e+03,1.4809e-08
5.0400e+03,1.4851e-08
5.0500e+03,1.4882e-08
5.0600e+03,1.4899e-08
5.0700e+03,1.4899e-08
5.0800e+03,1.4882e-08
5.0900e+03,1.4848e-08
5.1000e+03,1.4799e-08
5.1100e+03,1.4737e-08
5.1200e+03,1.4664e-08
5.1300e+03,1.4583e-08
5.1400e+03,1.4492e-08
5.1500e+03,1.4395e-08
5.1600e+03,1.4293e-08
5.1700e+03,1.4191e-08
5.1800e+03,1.4091e-08
5.1900e+03,1.3999e-08
5.2000e+03,1.3918e-08
5.2100e+03,1.3853e-08
5.2200e+03,1.3806e-08
5.2300e+03,1.3780e-08
5.2400e+03,1.3773e-08
5.2500e+03,1.3783e-08
5.2600e+03,1.3808e-08
5.2700e+03,1.3843e-08
5.2800e+03,1.3884e-08
5.2900e+03,1.3928e-08
5.3000e+03,1.3973e-08
5.3100e+03,1.4015e-08
5.3200e+03,1.4054e-08
5.3300e+03,1.4089e-08
5.3400e+03,1.4120e-08
5.3500e+03,1.4146e-08
5.3600e+03,1.4168e-08
5.3700e+03,1.4184e-08
5.3800e+03,1.4197e-08
5.3900e+03,1.4204e-08
5.4000e+03,1.4207e-08
5.4100e+03,1.4206e-08
5.4200e+03,1.4199e-08
5.4300e+03,1.4189e-08
5.4400e+03,1.4175e-08
5.4500e+03,1.4157e-08
5.4600e+03,1.4136e-08
5.4700e+03,1.4113e-08
5.4800e+03,1.4087e-08
5.4900e+03,1.4061e-08
5.5000e+03,1.4033e-08
5.5100e+03,1.4006e-08
5.5200e+03,1.3979e-08
5.5300e+03,1.3953e-08
5.5400e+03,1.3931e-08
5.5500e+03,1.3911e-08
5.5600e+03,1.3895e-08
5.5700e+03,1.3882e-08
5.5800e+03,1.3873e-08
5.5900e+03,1.3867e-08
5.6000e+03,1.3864e-08
5.6100e+03,1.3864e-08
5.6200e+03,1.3864e-08
5.6300e+03,1.3866e-08
5.6400e+03,1.3868e-08
5.6500e+03,1.3871e-08
5.6600e+03,1.3874e-08
5.6700e+03,1.3878e-08
5.6800e+03,1.3881e-08
5.6900e+03,1.3885e-08
5.7000e+03,1.3888e-08
5.7100e+03,1.3890e-08
5.7200e+03,1.3892e-08
5.7300e+03,1.3892e-08
5.7400e+03,1.3891e-08
5.7500e+03,1.3888e-08
5.7600e+03,1.3882e-08
5.7700e+03,1.3874e-08
5.7800e+03,1.3863e-08
5.7900e+03,1.3848e-08
5.8000e+03,1.3830e-08
5.8100e+03,1.3807e-08
5.8200e+03,1.3780e-08
5.8300e+03,1.3747e-08
5.8400e+03,1.3710e-08
5.8500e+03,1.3670e-08
5.8600e+03,1.3628e-08
5.8700e+03,1.3584e-08
5.8800e+03,1.3539e-08
5.8900e+03,1.3494e-08
5.9000e+03,1.3448e-08
5.9100e+03,1.3402e-08
5.9200e+03,1.3355e-08
5.9300e+03,1.3307e-08
5.9400e+03,1.3259e-08
5.9500e+03,1.3212e-08
5.9600e+03,1.3166e-08
5.9700e+03,1.3122e-08
5.9800e+03,1.3080e-08
5.9900e+03,1.3041e-08
6.0000e+03,1.3005e-08
6.0100e+03,1.2971e-08
6.0200e+03,1.2939e-08
6.0300e+03,1.2908e-08
6.0400e+03,1.2879e-08
6.0500e+03,1.2851e-08
6.0600e+03,1.2824e-08
6.0700e+03,1.2798e-08
6.0800e+03,1.2773e-08
6.0900e+03,1.2749e-08
6.1000e+03,1.2725e-08
6.1100e+03,1.2702e-08
6.1200e+03,1.2677e-08
6.1300e+03,1.2651e-08
6.1400e+03,1.2622e-08
6.1500e+03,1.2590e-08
6.1600e+03,1.2555e-08
6.1700e+03,1.2518e-08
6.1800e+03,1.2481e-08
6.1900e+03,1.2444e-08
6.2000e+03,1.2410e-08
6.2100e+03,1.2380e-08
6.2200e+03,1.2353e-08
6.2300e+03,1.2331e-08
6.2400e+03,1.2311e-08
6.2500e+03,1.2292e-08
6.2600e+03,1.2275e-08
6.2700e+03,1.2259e-08
6.2800e+03,1.2244e-08
6.2900e+03,1.2231e-08
6.3000e+03,1.2222e-08
6.3100e+03,1.2217e-08
6.3200e+03,1.2218e-08
6.3300e+03,1.2226e-08
6.3400e+03,1.2241e-08
6.3500e+03,1.2264e-08
6.3600e+03,1.2293e-08
6.3700e+03,1.2327e-08
6.3800e+03,1.2366e-08
6.3900e+03,1.2407e-08
6.4000e+03,1.2450e-08
6.4100e+03,1.2493e-08
6.4200e+03,1.2536e-08
6.4300e+03,1.2578e-08
6.4400e+03,1.2620e-08
6.4500e+03,1.2661e-08
6.4600e+03,1.2703e-08
6.4700e+03,1.2745e-08
6.4800e+03,1.2787e-08
6.4900e+03,1.2830e-08
6.5000e+03,1.2871e-08
6.5100e+03,1.2912e-08
6.5200e+03,1.2950e-08
6.5300e+03,1.2986e-08
6.5400e+03,1.3020e-08
6.5500e+03,1.3052e-08
6.5600e+03,1.3082e-08
6.5700e+03,1.3110e-08
6.5800e+03,1.3134e-08
6.5900e+03,1.3155e-08
6.6000e+03,1.3170e-08
6.6100e+03,1.3180e-08
6.6200e+03,1.3186e-08
6.6300e+03,1.3187e-08
6.6400e+03,1.3185e-08
6.6500e+03,1.3181e-08
6.6600e+03,1.3175e-08
6.6700e+03,1.3170e-08
6.6800e+03,1.3166e-08
6.6900e+03,1.3162e-08
6.7000e+03,1.3160e-08
6.7100e+03,1.3158e-08
6.7200e+03,1.3156e-08
6.7300e+03,1.3152e-08
6.7400e+03,1.3147e-08
6.7500e+03,1.3139e-08
6.7600e+03,1.3129e-08
6.7700e+03,1.3117e-08
6.7800e+03,1.3103e-08
6.7900e+03,1.3086e-08
6.8000e+03,1.3068e-08
6.8100e+03,1.3048e-08
6.8200e+03,1.3028e-08
6.8300e+03,1.3006e-08
6.8400e+03,1.2985e-08
6.8500e+03,1.2964e-08
6.8600e+03,1.2943e-08
6.8700e+03,1.2922e-08
6.8800e+03,1.2903e-08
6.8900e+03,1.2885e-08
6.9000e+03,1.2869e-08
6.9100e+03,1.2856e-08
6.9200e+03,1.2847e-08
6.9300e+03,1.2843e-08
6.9400e+03,1.2844e-08
6.9500e+03,1.2850e-08
6.9600e+03,1.2861e-08
6.9700e+03,1.2879e-08
6.9800e+03,1.2903e-08
6.9900e+03,1.2933e-08
7.0000e+03,1.2969e-08
7.0100e+03,1.3011e-08
7.0200e+03,1.3060e-08
7.0300e+03,1.3116e-08
7.0400e+03,1.3179e-08
7.0500e+03,1.3250e-08
7.0600e+03,1.3328e-08
7.0700e+03,1.3414e-08
7.0800e+03,1.3506e-08
7.0900e+03,1.3603e-08
7.1000e+03,1.3705e-08
7.1100e+03,1.3810e-08
7.1200e+03,1.3920e-08
7.1300e+03,1.4035e-08
7.1400e+03,1.4155e-08
7.1500e+03,1.4282e-08
7.1600e+03,1.4415e-08
7.1700e+03,1.4554e-08
7.1800e+03,1.4698e-08
7.1900e+03,1.4846e-08
7.2000e+03,1.4996e-08
7.2100e+03,1.5144e-08
7.2200e+03,1.5288e-08
7.2300e+03,1.5424e-08
7.2400e+03,1.5547e-08
7.2500e+03,1.5655e-08
7.2600e+03,1.5746e-08
7.2700e+03,1.5820e-08
7.2800e+03,1.5879e-08
7.2900e+03,1.5923e-08
7.3000e+03,1.5956e-08
7.3100e+03,1.5979e-08
7.3200e+03,1.5996e-08
7.3300e+03,1.6007e-08
7.3400e+03,1.6015e-08
7.3500e+03,1.6021e-08
7.3600e+03,1.6025e-08
7.3700e+03,1.6027e-08
7.3800e+03,1.6027e-08
7.3900e+03,1.6025e-08
7.4000e+03,1.6021e-08
7.4100e+03,1.6015e-08
7.4200e+03,1.6007e-08
7.4300e+03,1.5999e-08
7.4400e+03,1.5992e-08
7.4500e+03,1.5985e-08
7.4600e+03,1.5979e-08
7.4700e+03,1.5974e-08
7.4800e+03,1.5969e-08
7.4900e+03,1.5964e-08
7.5000e+03,1.5958e-08
7.5100e+03,1.5953e-08
7.5200e+03,1.5949e-08
7.5300e+03,1.5945e-08
7.5400e+03,1.5943e-08
7.5500e+03,1.5941e-08
7.5600e+03,1.5938e-08
7.5700e+03,1.5934e-08
7.5800e+03,1.5928e-08
7.5900e+03,1.5920e-08
7.6000e+03,1.5909e-08
7.6100e+03,1.5897e-08
7.6200e+03,1.5884e-08
7.6300e+03,1.5871e-08
7.6400e+03,1.5860e-08
7.6500e+03,1.5850e-08
7.6600e+03,1.5842e-08
7.6700e+03,1.5835e-08
7.6800e+03,1.5830e-08
7.6900e+03,1.5825e-08
7.7000e+03,1.5819e-08
7.7100e+03,1.5814e-08
7.7200e+03,1.5809e-08
7.7300e+03,1.5804e-08
7.7400e+03,1.5799e-08
7.7500e+03,1.5794e-08
7.7600e+03,1.5790e-08
7.7700e+03,1.5786e-08
7.7800e+03,1.5783e-08
7.7900e+03,1.5779e-08
7.8000e+03,1.5775e-08
7.8100e+03,1.5771e-08
7.8200e+03,1.5767e-08
7.8300e+03,1.5762e-08
7.8400e+03,1.5757e-08
7.8500e+03,1.5753e-08
7.8600e+03,1.5749e-08
7.8700e+03,1.5747e-08
7.8800e+03,1.5745e-08
7.8900e+03,1.5745e-08
7.9000e+03,1.5747e-08
7.9100e+03,1.5751e-08
7.9200e+03,1.5759e-08
7.9300e+03,1.5769e-08
7.9400e+03,1.5784e-08
7.9500e+03,1.5802e-08
7.9600e+03,1.5825e-08
7.9700e+03,1.5853e-08
7.9800e+03,1.5885e-08
7.9900e+03,1.5921e-08
8.0000e+03,1.5961e-08
8.0100e+03,1.6004e-08
8.0200e+03,1.6050e-08
8.0300e+03,1.6098e-08
8.0400e+03,1.6146e-08
8.0500e+03,1.6194e-08
8.0600e+03,1.6238e-08
8.0700e+03,1.6279e-08
8.0800e+03,1.6313e-08
8.0900e+03,1.6340e-08
8.1000e+03,1.6359e-08
8.1100e+03,1.6369e-08
8.1200e+03,1.6372e-08
8.1300e+03,1.6368e-08
8.1400e+03,1.6358e-08
8.1500e+03,1.6344e-08
8.1600e+03,1.6328e-08
8.1700e+03,1.6312e-08
8.1800e+03,1.6296e-08
8.1900e+03,1.6283e-08
8.2000e+03,1.6271e-08
8.2100e+03,1.6263e-08
8.2200e+03,1.6256e-08
8.2300e+03,1.6250e-08
8.2400e+03,1.6244e-08
8.2500e+03,1.6236e-08
8.2600e+03,1.6227e-08
8.2700e+03,1.6215e-08
8.2800e+03,1.6201e-08
8.2900e+03,1.6186e-08
8.3000e+03,1.6171e-08
8.3100e+03,1.6157e-08
8.3200e+03,1.6144e-08
8.3300e+03,1.6132e-08
8.3400e+03,1.6121e-08
8.3500e+03,1.6112e-08
8.3600e+03,1.6104e-08
8.3700e+03,1.6096e-08
8.3800e+03,1.6088e-08
8.3900e+03,1.6079e-08
8.4000e+03,1.6071e-08
8.4100e+03,1.6061e-08
8.4200e+03,1.6052e-08
8.4300e+03,1.6041e-08
8.4400e+03,1.6031e-08
8.4500e+03,1.6020e-08
8.4600e+03,1.6010e-08
8.4700e+03,1.6000e-08
8.4800e+03,1.5992e-08
8.4900e+03,1.5986e-08
8.5000e+03,1.5984e-08
8.5100e+03,1.5986e-08
8.5200e+03,1.5995e-08
8.5300e+03,1.6009e-08
8.5400e+03,1.6030e-08
8.5500e+03,1.6054e-08
8.5600e+03,1.6082e-08
8.5700e+03,1.6111e-08
8.5800e+03,1.6138e-08
8.5900e+03,1.6163e-08
8.6000e+03,1.6185e-08
8.6100e+03,1.6203e-08
8.6200e+03,1.6219e-08
8.6300e+03,1.6232e-08
8.6400e+03,1.6242e-08
8.6500e+03,1.6251e-08
8.6600e+03,1.6257e-08
8.6700e+03,1.6263e-08
8.6800e+03,1.6266e-08
8.6900e+03,1.6269e-08
8.7000e+03,1.6272e-08
8.7100e+03,1.6275e-08
8.7200e+03,1.6280e-08
8.7300e+03,1.6285e-08
8.7400e+03,1.6292e-08
8.7500e+03,1.6299e-08
8.7600e+03,1.6306e-08
8.7700e+03,1.6314e-08
8.7800e+03,1.6321e-08
8.7900e+03,1.6330e-08
8.8000e+03,1.6341e-08
8.8100e+03,1.6356e-08
8.8200e+03,1.6374e-08
8.8300e+03,1.6395e-08
8.8400e+03,1.6418e-08
8.8500e+03,1.6441e-08
8.8600e+03,1.6462e-08
8.8700e+03,1.6481e-08
8.8800e+03,1.6496e-08
8.8900e+03,1.6507e-08
8.9000e+03,1.6514e-08
8.9100e+03,1.6518e-08
8.9200e+03,1.6520e-08
8.9300e+03,1.6522e-08
8.9400e+03,1.6525e-08
8.9500e+03,1.6531e-08
8.9600e+03,1.6542e-08
8.9700e+03,1.6557e-08
8.9800e+03,1.6577e-08
8.9900e+03,1.6601e-08
9.0000e+03,1.6628e-08
9.0100e+03,1.6658e-08
9.0200e+03,1.6691e-08
9.0300e+03,1.6725e-08
9.0400e+03,1.6761e-08
9.0500e+03,1.6797e-08
9.0600e+03,1.6834e-08
9.0700e+03,1.6871e-08
9.0800e+03,1.6906e-08
9.0900e+03,1.6939e-08
9.1000e+03,1.6969e-08
9.1100e+03,1.6994e-08
9.1200e+03,1.7017e-08
9.1300e+03,1.7035e-08
9.1400e+03,1.7050e-08
9.1500e+03,1.7064e-08
9.1600e+03,1.7076e-08
9.1700e+03,1.7088e-08
9.1800e+03,1.7101e-08
9.1900e+03,1.7116e-08
9.2000e+03,1.7132e-08
9.2100e+03,1.7151e-08
9.2200e+03,1.7171e-08
9.2300e+03,1.7192e-08
9.2400e+03,1.7214e-08
9.2500e+03,1.7234e-08
9.2600e+03,1.7252e-08
9.2700e+03,1.7266e-08
9.2800e+03,1.7274e-08
9.2900e+03,1.7277e-08
9.3000e+03,1.7275e-08
9.3100e+03,1.7269e-08
9.3200e+03,1.7260e-08
9.3300e+03,1.7249e-08
9.3400e+03,1.7239e-08
9.3500e+03,1.7229e-08
9.3600e+03,1.7222e-08
9.3700e+03,1.7217e-08
9.3800e+03,1.7215e-08
9.3900e+03,1.7215e-08
9.4000e+03,1.7217e-08
9.4100e+03,1.7218e-08
9.4200e+03,1.7218e-08
9.4300e+03,1.7216e-08
9.4400e+03,1.7212e-08
9.4500e+03,1.7205e-08
9.4600e+03,1.7196e-08
9.4700e+03,1.7185e-08
9.4800e+03,1.7173e-08
9.4900e+03,1.7158e-08
9.5000e+03,1.7142e-08
9.5100e+03,1.7125e-08
9.5200e+03,1.7106e-08
9.5300e+03,1.7087e-08
9.5400e+03,1.7067e-08
9.5500e+03,1.7046e-08
9.5600e+03,1.7025e-08
9.5700e+03,1.7005e-08
9.5800e+03,1.6986e-08
9.5900e+03,1.6968e-08
9.6000e+03,1.6953e-08
9.6100e+03,1.6940e-08
9.6200e+03,1.6930e-08
9.6300e+03,1.6923e-08
9.6400e+03,1.6918e-08
9.6500e+03,1.6915e-08
9.6600e+03,1.6914e-08
9.6700e+03,1.6914e-08
9.6800e+03,1.6915e-08
9.6900e+03,1.6916e-08
9.7000e+03,1.6917e-08
9.7100e+03,1.6918e-08
9.7200e+03,1.6920e-08
9.7300e+03,1.6921e-08
9.7400e+03,1.6923e-08
9.7500e+03,1.6925e-08
9.7600e+03,1.6926e-08
9.7700e+03,1.6927e-08
9.7800e+03,1.6928e-08
9.7900e+03,1.6928e-08
9.8000e+03,1.6929e-08
9.8100e+03,1.6930e-08
9.8200e+03,1.6932e-08
9.8300e+03,1.6936e-08
9.8400e+03,1.6942e-08
9.8500e+03,1.6952e-08
9.8600e+03,1.6965e-08
9.8700e+03,1.6982e-08
9.8800e+03,1.7003e-08
9.8900e+03,1.7030e-08
9.9000e+03,1.7062e-08
9.9100e+03,1.7099e-08
9.9200e+03,1.7141e-08
9.9300e+03,1.7187e-08
9.9400e+03,1.7235e-08
9.9500e+03,1.7285e-08
9.9600e+03,1.7336e-08
9.9700e+03,1.7386e-08
9.9800e+03,1.7434e-08
9.9900e+03,1.7480e-08
1.0000e+04,1.7524e-08
