# Time , Side-Flux
0.0000e+00,0.0000e+00
1.0000e+01,1.7583e-08
2.0000e+01,3.2791e-08
3.0000e+01,4.4428e-08
4.0000e+01,5.2673e-08
5.0000e+01,5.8397e-08
6.0000e+01,6.2449e-08
7.0000e+01,6.5387e-08
8.0000e+01,6.7545e-08
9.0000e+01,6.9144e-08
1.0000e+02,7.0344e-08
1.1000e+02,7.1260e-08
1.2000e+02,7.1968e-08
1.3000e+02,7.2521e-08
1.4000e+02,7.2958e-08
1.5000e+02,7.3306e-08
1.6000e+02,7.3586e-08
1.7000e+02,7.3814e-08
1.8000e+02,7.4001e-08
1.9000e+02,7.4157e-08
2.0000e+02,7.4287e-08
2.1000e+02,7.4396e-08
2.2000e+02,7.4487e-08
2.3000e+02,7.4561e-08
2.4000e+02,7.4622e-08
2.5000e+02,7.4671e-08
2.6000e+02,7.4713e-08
2.7000e+02,7.4749e-08
2.8000e+02,7.4784e-08
2.9000e+02,7.4817e-08
3.0000e+02,7.4850e-08
3.1000e+02,7.4882e-08
3.2000e+02,7.4913e-08
3.3000e+02,7.4945e-08
3.4000e+02,7.4978e-08
3.5000e+02,7.5004e-08
3.6000e+02,7.5021e-08
3.7000e+02,7.5035e-08
3.8000e+02,7.5056e-08
3.9000e+02,7.5083e-08
4.0000e+02,7.5105e-08
4.1000e+02,7.5112e-08
4.2000e+02,7.5106e-08
4.3000e+02,7.5099e-08
4.4000e+02,7.5100e-08
4.5000e+02,7.5110e-08
4.6000e+02,7.5122e-08
4.7000e+02,7.5131e-08
4.8000e+02,7.5133e-08
4.9000e+02,7.5131e-08
5.0000e+02,7.5129e-08
5.1000e+02,7.5127e-08
5.2000e+02,7.5126e-08
5.3000e+02,7.5124e-08
5.4000e+02,7.5123e-08
5.5000e+02,7.5120e-08
5.6000e+02,7.5115e-08
5.7000e+02,7.5106e-08
5.8000e+02,7.5095e-08
5.9000e+02,7.5083e-08
6.0000e+02,7.5074e-08
6.1000e+02,7.5070e-08
6.2000e+02,7.5070e-08
6.3000e+02,7.5069e-08
6.4000e+02,7.5061e-08
6.5000e+02,7.5040e-08
6.6000e+02,7.5011e-08
6.7000e+02,7.4980e-08
6.8000e+02,7.4959e-08
6.9000e+02,7.4945e-08
7.0000e+02,7.4931e-08
7.1000e+02,7.4909e-08
7.2000e+02,7.4887e-08
7.3000e+02,7.4888e-08
7.4000e+02,7.4927e-08
7.5000e+02,7.4993e-08
7.6000e+02,7.5048e-08
7.7000e+02,7.5060e-08
7.8000e+02,7.5022e-08
7.9000e+02,7.4956e-08
8.0000e+02,7.4905e-08
8.1000e+02,7.4901e-08
8.2000e+02,7.4957e-08
8.3000e+02,7.5056e-08
8.4000e+02,7.5161e-08
8.5000e+02,7.5235e-08
8.6000e+02,7.5256e-08
8.7000e+02,7.5224e-08
8.8000e+02,7.5156e-08
8.9000e+02,7.5069e-08
9.0000e+02,7.4968e-08
9.1000e+02,7.4863e-08
9.2000e+02,7.4775e-08
9.3000e+02,7.4736e-08
9.4000e+02,7.4764e-08
9.5000e+02,7.4846e-08
9.6000e+02,7.4949e-08
9.7000e+02,7.5039e-08
9.8000e+02,7.5091e-08
9.9000e+02,7.5087e-08
1.0000e+03,7.5007e-08
1.0100e+03,7.4837e-08
1.0200e+03,7.4589e-08
1.0300e+03,7.4314e-08
1.0400e+03,7.4089e-08
1.0500e+03,7.3966e-08
1.0600e+03,7.3949e-08
1.0700e+03,7.3999e-08
1.0800e+03,7.4086e-08
1.0900e+03,7.4213e-08
1.1000e+03,7.4389e-08
1.1100e+03,7.4599e-08
1.1200e+03,7.4786e-08
1.1300e+03,7.4895e-08
1.1400e+03,7.4907e-08
1.1500e+03,7.4850e-08
1.1600e+03,7.4772e-08
1.1700e+03,7.4712e-08
1.1800e+03,7.4680e-08
1.1900e+03,7.4656e-08
1.2000e+03,7.4607e-08
1.2100e+03,7.4517e-08
1.2200e+03,7.4407e-08
1.2300e+03,7.4325e-08
1.2400e+03,7.4315e-08
1.2500e+03,7.4388e-08
1.2600e+03,7.4512e-08
1.2700e+03,7.4630e-08
1.2800e+03,7.4691e-08
1.2900e+03,7.4682e-08
1.3000e+03,7.4629e-08
1.3100e+03,7.4568e-08
1.3200e+03,7.4525e-08
1.3300e+03,7.4506e-08
1.3400e+03,7.4521e-08
1.3500e+03,7.4579e-08
1.3600e+03,7.4682e-08
1.3700e+03,7.4801e-08
1.3800e+03,7.4895e-08
1.3900e+03,7.4935e-08
1.4000e+03,7.4919e-08
1.4100e+03,7.4867e-08
1.4200e+03,7.4801e-08
1.4300e+03,7.4742e-08
1.4400e+03,7.4701e-08
1.4500e+03,7.4683e-08
1.4600e+03,7.4684e-08
1.4700e+03,7.4691e-08
1.4800e+03,7.4696e-08
1.4900e+03,7.4696e-08
1.5000e+03,7.4694e-08
1.5100e+03,7.4694e-08
1.5200e+03,7.4694e-08
1.5300e+03,7.4691e-08
1.5400e+03,7.4685e-08
1.5500e+03,7.4679e-08
1.5600e+03,7.4679e-08
1.5700e+03,7.4683e-08
1.5800e+03,7.4683e-08
1.5900e+03,7.4666e-08
1.6000e+03,7.4625e-08
1.6100e+03,7.4568e-08
1.6200e+03,7.4521e-08
1.6300e+03,7.4508e-08
1.6400e+03,7.4541e-08
1.6500e+03,7.4605e-08
1.6600e+03,7.4673e-08
1.6700e+03,7.4717e-08
1.6800e+03,7.4720e-08
1.6900e+03,7.4675e-08
1.7000e+03,7.4593e-08
1.7100e+03,7.4503e-08
1.7200e+03,7.4441e-08
1.7300e+03,7.4430e-08
1.7400e+03,7.4467e-08
1.7500e+03,7.4527e-08
1.7600e+03,7.4586e-08
1.7700e+03,7.4626e-08
1.7800e+03,7.4638e-08
1.7900e+03,7.4624e-08
1.8000e+03,7.4587e-08
1.8100e+03,7.4542e-08
1.8200e+03,7.4503e-08
1.8300e+03,7.4484e-08
1.8400e+03,7.4487e-08
1.8500e+03,7.4507e-08
1.8600e+03,7.4534e-08
1.8700e+03,7.4558e-08
1.8800e+03,7.4570e-08
1.8900e+03,7.4567e-08
1.9000e+03,7.4553e-08
1.9100e+03,7.4536e-08
1.9200e+03,7.4529e-08
1.9300e+03,7.4544e-08
1.9400e+03,7.4585e-08
1.9500e+03,7.4640e-08
1.9600e+03,7.4686e-08
1.9700e+03,7.4691e-08
1.9800e+03,7.4637e-08
1.9900e+03,7.4535e-08
2.0000e+03,7.4422e-08
2.0100e+03,7.4346e-08
2.0200e+03,7.4338e-08
2.0300e+03,7.4388e-08
2.0400e+03,7.4442e-08
2.0500e+03,7.4442e-08
2.0600e+03,7.4374e-08
2.0700e+03,7.4276e-08
2.0800e+03,7.4197e-08
2.0900e+03,7.4148e-08
2.1000e+03,7.4116e-08
2.1100e+03,7.4085e-08
2.1200e+03,7.4045e-08
2.1300e+03,7.3982e-08
2.1400e+03,7.3903e-08
2.1500e+03,7.3839e-08
2.1600e+03,7.3828e-08
2.1700e+03,7.3878e-08
2.1800e+03,7.3974e-08
2.1900e+03,7.4111e-08
2.2000e+03,7.4291e-08
2.2100e+03,7.4505e-08
2.2200e+03,7.4707e-08
2.2300e+03,7.4841e-08
2.2400e+03,7.4877e-08
2.2500e+03,7.4827e-08
2.2600e+03,7.4732e-08
2.2700e+03,7.4625e-08
2.2800e+03,7.4522e-08
2.2900e+03,7.4426e-08
2.3000e+03,7.4347e-08
2.3100e+03,7.4298e-08
2.3200e+03,7.4280e-08
2.3300e+03,7.4287e-08
2.3400e+03,7.4314e-08
2.3500e+03,7.4350e-08
2.3600e+03,7.4378e-08
2.3700e+03,7.4380e-08
2.3800e+03,7.4359e-08
2.3900e+03,7.4333e-08
2.4000e+03,7.4321e-08
2.4100e+03,7.4330e-08
2.4200e+03,7.4352e-08
2.4300e+03,7.4375e-08
2.4400e+03,7.4386e-08
2.4500e+03,7.4377e-08
2.4600e+03,7.4349e-08
2.4700e+03,7.4319e-08
2.4800e+03,7.4303e-08
2.4900e+03,7.4309e-08
2.5000e+03,7.4331e-08
2.5100e+03,7.4357e-08
2.5200e+03,7.4376e-08
2.5300e+03,7.4384e-08
2.5400e+03,7.4385e-08
2.5500e+03,7.4380e-08
2.5600e+03,7.4369e-08
2.5700e+03,7.4351e-08
2.5800e+03,7.4330e-08
2.5900e+03,7.4314e-08
2.6000e+03,7.4311e-08
2.6100e+03,7.4321e-08
2.6200e+03,7.4333e-08
2.6300e+03,7.4336e-08
2.6400e+03,7.4318e-08
2.6500e+03,7.4281e-08
2.6600e+03,7.4236e-08
2.6700e+03,7.4204e-08
2.6800e+03,7.4199e-08
2.6900e+03,7.4218e-08
2.7000e+03,7.4243e-08
2.7100e+03,7.4257e-08
2.7200e+03,7.4263e-08
2.7300e+03,7.4280e-08
2.7400e+03,7.4323e-08
2.7500e+03,7.4383e-08
2.7600e+03,7.4433e-08
2.7700e+03,7.4440e-08
2.7800e+03,7.4388e-08
2.7900e+03,7.4297e-08
2.8000e+03,7.4211e-08
2.8100e+03,7.4175e-08
2.8200e+03,7.4195e-08
2.8300e+03,7.4240e-08
2.8400e+03,7.4272e-08
2.8500e+03,7.4268e-08
2.8600e+03,7.4217e-08
2.8700e+03,7.4107e-08
2.8800e+03,7.3939e-08
2.8900e+03,7.3755e-08
2.9000e+03,7.3633e-08
2.9100e+03,7.3641e-08
2.9200e+03,7.3795e-08
2.9300e+03,7.4062e-08
2.9400e+03,7.4387e-08
2.9500e+03,7.4710e-08
2.9600e+03,7.4957e-08
2.9700e+03,7.5054e-08
2.9800e+03,7.4972e-08
2.9900e+03,7.4762e-08
3.0000e+03,7.4527e-08
3.0100e+03,7.4361e-08
3.0200e+03,7.4302e-08
3.0300e+03,7.4342e-08
3.0400e+03,7.4439e-08
3.0500e+03,7.4535e-08
3.0600e+03,7.4576e-08
3.0700e+03,7.4536e-08
3.0800e+03,7.4431e-08
3.0900e+03,7.4295e-08
3.1000e+03,7.4159e-08
3.1100e+03,7.4031e-08
3.1200e+03,7.3909e-08
3.1300e+03,7.3787e-08
3.1400e+03,7.3670e-08
3.1500e+03,7.3570e-08
3.1600e+03,7.3508e-08
3.1700e+03,7.3510e-08
3.1800e+03,7.3596e-08
3.1900e+03,7.3759e-08
3.2000e+03,7.3961e-08
3.2100e+03,7.4148e-08
3.2200e+03,7.4275e-08
3.2300e+03,7.4323e-08
3.2400e+03,7.4288e-08
3.2500e+03,7.4177e-08
3.2600e+03,7.4007e-08
3.2700e+03,7.3814e-08
3.2800e+03,7.3644e-08
3.2900e+03,7.3539e-08
3.3000e+03,7.3518e-08
3.3100e+03,7.3570e-08
3.3200e+03,7.3666e-08
3.3300e+03,7.3770e-08
3.3400e+03,7.3856e-08
3.3500e+03,7.3912e-08
3.3600e+03,7.3939e-08
3.3700e+03,7.3946e-08
3.3800e+03,7.3945e-08
3.3900e+03,7.3940e-08
3.4000e+03,7.3927e-08
3.4100e+03,7.3901e-08
3.4200e+03,7.3865e-08
3.4300e+03,7.3837e-08
3.4400e+03,7.3842e-08
3.4500e+03,7.3898e-08
3.4600e+03,7.4008e-08
3.4700e+03,7.4149e-08
3.4800e+03,7.4285e-08
3.4900e+03,7.4384e-08
3.5000e+03,7.4428e-08
3.5100e+03,7.4420e-08
3.5200e+03,7.4378e-08
3.5300e+03,7.4318e-08
3.5400e+03,7.4251e-08
3.5500e+03,7.4182e-08
3.5600e+03,7.4115e-08
3.5700e+03,7.4061e-08
3.5800e+03,7.4032e-08
3.5900e+03,7.4029e-08
3.6000e+03,7.4039e-08
3.6100e+03,7.4048e-08
3.6200e+03,7.4047e-08
3.6300e+03,7.4031e-08
3.6400e+03,7.4000e-08
3.6500e+03,7.3960e-08
3.6600e+03,7.3919e-08
3.6700e+03,7.3890e-08
3.6800e+03,7.3879e-08
3.6900e+03,7.3872e-08
3.7000e+03,7.3842e-08
3.7100e+03,7.3761e-08
3.7200e+03,7.3630e-08
3.7300e+03,7.3495e-08
3.7400e+03,7.3434e-08
3.7500e+03,7.3514e-08
3.7600e+03,7.3748e-08
3.7700e+03,7.4092e-08
3.7800e+03,7.4465e-08
3.7900e+03,7.4779e-08
3.8000e+03,7.4964e-08
3.8100e+03,7.4984e-08
3.8200e+03,7.4845e-08
3.8300e+03,7.4604e-08
3.8400e+03,7.4353e-08
3.8500e+03,7.4161e-08
3.8600e+03,7.4033e-08
3.8700e+03,7.3904e-08
3.8800e+03,7.3705e-08
3.8900e+03,7.3426e-08
3.9000e+03,7.3132e-08
3.9100e+03,7.2909e-08
3.9200e+03,7.2815e-08
3.9300e+03,7.2852e-08
3.9400e+03,7.2989e-08
3.9500e+03,7.3197e-08
3.9600e+03,7.3472e-08
3.9700e+03,7.3825e-08
3.9800e+03,7.4266e-08
3.9900e+03,7.4779e-08
4.0000e+03,7.5331e-08
4.0100e+03,7.5892e-08
4.0200e+03,7.6444e-08
4.0300e+03,7.6982e-08
4.0400e+03,7.7502e-08
4.0500e+03,7.7997e-08
4.0600e+03,7.8456e-08
4.0700e+03,7.8866e-08
4.0800e+03,7.9221e-08
4.0900e+03,7.9523e-08
4.1000e+03,7.9784e-08
4.1100e+03,8.0011e-08
4.1200e+03,8.0207e-08
4.1300e+03,8.0375e-08
4.1400e+03,8.0520e-08
4.1500e+03,8.0655e-08
4.1600e+03,8.0791e-08
4.1700e+03,8.0936e-08
4.1800e+03,8.1090e-08
4.1900e+03,8.1249e-08
4.2000e+03,8.1405e-08
4.2100e+03,8.1550e-08
4.2200e+03,8.1676e-08
4.2300e+03,8.1775e-08
4.2400e+03,8.1844e-08
4.2500e+03,8.1886e-08
4.2600e+03,8.1910e-08
4.2700e+03,8.1926e-08
4.2800e+03,8.1938e-08
4.2900e+03,8.1944e-08
4.3000e+03,8.1943e-08
4.3100e+03,8.1936e-08
4.3200e+03,8.1923e-08
4.3300e+03,8.1906e-08
4.3400e+03,8.1889e-08
4.3500e+03,8.1875e-08
4.3600e+03,8.1866e-08
4.3700e+03,8.1861e-08
4.3800e+03,8.1857e-08
4.3900e+03,8.1851e-08
4.4000e+03,8.1842e-08
4.4100e+03,8.1831e-08
4.4200e+03,8.1820e-08
4.4300e+03,8.1807e-08
4.4400e+03,8.1793e-08
4.4500e+03,8.1777e-08
4.4600e+03,8.1763e-08
4.4700e+03,8.1755e-08
4.4800e+03,8.1752e-08
4.4900e+03,8.1753e-08
4.5000e+03,8.1755e-08
4.5100e+03,8.1761e-08
4.5200e+03,8.1773e-08
4.5300e+03,8.1791e-08
4.5400e+03,8.1813e-08
4.5500e+03,8.1838e-08
4.5600e+03,8.1865e-08
4.5700e+03,8.1895e-08
4.5800e+03,8.1927e-08
4.5900e+03,8.1954e-08
4.6000e+03,8.1970e-08
4.6100e+03,8.1970e-08
4.6200e+03,8.1959e-08
4.6300e+03,8.1943e-08
4.6400e+03,8.1928e-08
4.6500e+03,8.1917e-08
4.6600e+03,8.1908e-08
4.6700e+03,8.1898e-08
4.6800e+03,8.1878e-08
4.6900e+03,8.1843e-08
4.7000e+03,8.1784e-08
4.7100e+03,8.1702e-08
4.7200e+03,8.1599e-08
4.7300e+03,8.1481e-08
4.7400e+03,8.1354e-08
4.7500e+03,8.1221e-08
4.7600e+03,8.1084e-08
4.7700e+03,8.0938e-08
4.7800e+03,8.0785e-08
4.7900e+03,8.0633e-08
4.8000e+03,8.0509e-08
4.8100e+03,8.0443e-08
4.8200e+03,8.0449e-08
4.8300e+03,8.0508e-08
4.8400e+03,8.0580e-08
4.8500e+03,8.0626e-08
4.8600e+03,8.0646e-08
4.8700e+03,8.0665e-08
4.8800e+03,8.0703e-08
4.8900e+03,8.0759e-08
4.9000e+03,8.0825e-08
4.9100e+03,8.0910e-08
4.9200e+03,8.1053e-08
4.9300e+03,8.1300e-08
4.9400e+03,8.1682e-08
4.9500e+03,8.2191e-08
4.9600e+03,8.2777e-08
4.9700e+03,8.3349e-08
4.9800e+03,8.3809e-08
4.9900e+03,8.4095e-08
5.0000e+03,8.4222e-08
5.0100e+03,8.4296e-08
5.0200e+03,8.4466e-08
5.0300e+03,8.4837e-08
5.0400e+03,8.5376e-08
5.0500e+03,8.5910e-08
5.0600e+03,8.6226e-08
5.0700e+03,8.6208e-08
5.0800e+03,8.5891e-08
5.0900e+03,8.5404e-08
5.1000e+03,8.4884e-08
5.1100e+03,8.4419e-08
5.1200e+03,8.4022e-08
5.1300e+03,8.3639e-08
5.1400e+03,8.3182e-08
5.1500e+03,8.2600e-08
5.1600e+03,8.1921e-08
5.1700e+03,8.1219e-08
5.1800e+03,8.0556e-08
5.1900e+03,7.9958e-08
5.2000e+03,7.9432e-08
5.2100e+03,7.9004e-08
5.2200e+03,7.8721e-08
5.2300e+03,7.8628e-08
5.2400e+03,7.8738e-08
5.2500e+03,7.9017e-08
5.2600e+03,7.9391e-08
5.2700e+03,7.9766e-08
5.2800e+03,8.0071e-08
5.2900e+03,8.0284e-08
5.3000e+03,8.0423e-08
5.3100e+03,8.0521e-08
5.3200e+03,8.0596e-08
5.3300e+03,8.0645e-08
5.3400e+03,8.0662e-08
5.3500e+03,8.0651e-08
5.3600e+03,8.0620e-08
5.3700e+03,8.0580e-08
5.3800e+03,8.0535e-08
5.3900e+03,8.0477e-08
5.4000e+03,8.0392e-08
5.4100e+03,8.0279e-08
5.4200e+03,8.0157e-08
5.4300e+03,8.0045e-08
5.4400e+03,7.9935e-08
5.4500e+03,7.9799e-08
5.4600e+03,7.9617e-08
5.4700e+03,7.9399e-08
5.4800e+03,7.9179e-08
5.4900e+03,7.8982e-08
5.5000e+03,7.8805e-08
5.5100e+03,7.8626e-08
5.5200e+03,7.8424e-08
5.5300e+03,7.8201e-08
5.5400e+03,7.7984e-08
5.5500e+03,7.7803e-08
5.5600e+03,7.7675e-08
5.5700e+03,7.7594e-08
5.5800e+03,7.7543e-08
5.5900e+03,7.7511e-08
5.6000e+03,7.7493e-08
5.6100e+03,7.7484e-08
5.6200e+03,7.7480e-08
5.6300e+03,7.7477e-08
5.6400e+03,7.7474e-08
5.6500e+03,7.7471e-08
5.6600e+03,7.7473e-08
5.6700e+03,7.7481e-08
5.6800e+03,7.7492e-08
5.6900e+03,7.7500e-08
5.7000e+03,7.7499e-08
5.7100e+03,7.7490e-08
5.7200e+03,7.7472e-08
5.7300e+03,7.7444e-08
5.7400e+03,7.7397e-08
5.7500e+03,7.7319e-08
5.7600e+03,7.7212e-08
5.7700e+03,7.7092e-08
5.7800e+03,7.6985e-08
5.7900e+03,7.6904e-08
5.8000e+03,7.6830e-08
5.8100e+03,7.6715e-08
5.8200e+03,7.6517e-08
5.8300e+03,7.6220e-08
5.8400e+03,7.5847e-08
5.8500e+03,7.5453e-08
5.8600e+03,7.5102e-08
5.8700e+03,7.4832e-08
5.8800e+03,7.4639e-08
5.8900e+03,7.4486e-08
5.9000e+03,7.4334e-08
5.9100e+03,7.4170e-08
5.9200e+03,7.4001e-08
5.9300e+03,7.3838e-08
5.9400e+03,7.3676e-08
5.9500e+03,7.3501e-08
5.9600e+03,7.3318e-08
5.9700e+03,7.3147e-08
5.9800e+03,7.3013e-08
5.9900e+03,7.2921e-08
6.0000e+03,7.2856e-08
6.0100e+03,7.2792e-08
6.0200e+03,7.2708e-08
6.0300e+03,7.2590e-08
6.0400e+03,7.2432e-08
6.0500e+03,7.2232e-08
6.0600e+03,7.1993e-08
6.0700e+03,7.1731e-08
6.0800e+03,7.1490e-08
6.0900e+03,7.1320e-08
6.1000e+03,7.1254e-08
6.1100e+03,7.1280e-08
6.1200e+03,7.1347e-08
6.1300e+03,7.1385e-08
6.1400e+03,7.1317e-08
6.1500e+03,7.1075e-08
6.1600e+03,7.0631e-08
6.1700e+03,7.0021e-08
6.1800e+03,6.9340e-08
6.1900e+03,6.8701e-08
6.2000e+03,6.8196e-08
6.2100e+03,6.7876e-08
6.2200e+03,6.7740e-08
6.2300e+03,6.7739e-08
6.2400e+03,6.7788e-08
6.2500e+03,6.7799e-08
6.2600e+03,6.7721e-08
6.2700e+03,6.7553e-08
6.2800e+03,6.7326e-08
6.2900e+03,6.7080e-08
6.3000e+03,6.6848e-08
6.3100e+03,6.6650e-08
6.3200e+03,6.6497e-08
6.3300e+03,6.6402e-08
6.3400e+03,6.6378e-08
6.3500e+03,6.6430e-08
6.3600e+03,6.6546e-08
6.3700e+03,6.6706e-08
6.3800e+03,6.6886e-08
6.3900e+03,6.7066e-08
6.4000e+03,6.7229e-08
6.4100e+03,6.7364e-08
6.4200e+03,6.7468e-08
6.4300e+03,6.7542e-08
6.4400e+03,6.7597e-08
6.4500e+03,6.7643e-08
6.4600e+03,6.7694e-08
6.4700e+03,6.7768e-08
6.4800e+03,6.7882e-08
6.4900e+03,6.8044e-08
6.5000e+03,6.8229e-08
6.5100e+03,6.8384e-08
6.5200e+03,6.8467e-08
6.5300e+03,6.8481e-08
6.5400e+03,6.8479e-08
6.5500e+03,6.8523e-08
6.5600e+03,6.8653e-08
6.5700e+03,6.8865e-08
6.5800e+03,6.9114e-08
6.5900e+03,6.9344e-08
6.6000e+03,6.9516e-08
6.6100e+03,6.9626e-08
6.6200e+03,6.9690e-08
6.6300e+03,6.9726e-08
6.6400e+03,6.9741e-08
6.6500e+03,6.9734e-08
6.6600e+03,6.9710e-08
6.6700e+03,6.9682e-08
6.6800e+03,6.9665e-08
6.6900e+03,6.9665e-08
6.7000e+03,6.9682e-08
6.7100e+03,6.9704e-08
6.7200e+03,6.9720e-08
6.7300e+03,6.9718e-08
6.7400e+03,6.9693e-08
6.7500e+03,6.9648e-08
6.7600e+03,6.9591e-08
6.7700e+03,6.9528e-08
6.7800e+03,6.9460e-08
6.7900e+03,6.9381e-08
6.8000e+03,6.9283e-08
6.8100e+03,6.9168e-08
6.8200e+03,6.9047e-08
6.8300e+03,6.8933e-08
6.8400e+03,6.8839e-08
6.8500e+03,6.8766e-08
6.8600e+03,6.8705e-08
6.8700e+03,6.8647e-08
6.8800e+03,6.8583e-08
6.8900e+03,6.8507e-08
6.9000e+03,6.8421e-08
6.9100e+03,6.8326e-08
6.9200e+03,6.8230e-08
6.9300e+03,6.8144e-08
6.9400e+03,6.8083e-08
6.9500e+03,6.8063e-08
6.9600e+03,6.8097e-08
6.9700e+03,6.8187e-08
6.9800e+03,6.8322e-08
6.9900e+03,6.8480e-08
7.0000e+03,6.8634e-08
7.0100e+03,6.8766e-08
7.0200e+03,6.8884e-08
7.0300e+03,6.9031e-08
7.0400e+03,6.9259e-08
7.0500e+03,6.9596e-08
7.0600e+03,7.0020e-08
7.0700e+03,7.0479e-08
7.0800e+03,7.0927e-08
7.0900e+03,7.1333e-08
7.1000e+03,7.1673e-08
7.1100e+03,7.1933e-08
7.1200e+03,7.2139e-08
7.1300e+03,7.2359e-08
7.1400e+03,7.2672e-08
7.1500e+03,7.3108e-08
7.1600e+03,7.3632e-08
7.1700e+03,7.4172e-08
7.1800e+03,7.4682e-08
7.1900e+03,7.5196e-08
7.2000e+03,7.5805e-08
7.2100e+03,7.6576e-08
7.2200e+03,7.7482e-08
7.2300e+03,7.8402e-08
7.2400e+03,7.9195e-08
7.2500e+03,7.9778e-08
7.2600e+03,8.0150e-08
7.2700e+03,8.0364e-08
7.2800e+03,8.0476e-08
7.2900e+03,8.0516e-08
7.3000e+03,8.0495e-08
7.3100e+03,8.0433e-08
7.3200e+03,8.0366e-08
7.3300e+03,8.0326e-08
7.3400e+03,8.0319e-08
7.3500e+03,8.0320e-08
7.3600e+03,8.0305e-08
7.3700e+03,8.0276e-08
7.3800e+03,8.0251e-08
7.3900e+03,8.0223e-08
7.4000e+03,8.0150e-08
7.4100e+03,7.9986e-08
7.4200e+03,7.9742e-08
7.4300e+03,7.9487e-08
7.4400e+03,7.9299e-08
7.4500e+03,7.9216e-08
7.4600e+03,7.9228e-08
7.4700e+03,7.9296e-08
7.4800e+03,7.9364e-08
7.4900e+03,7.9373e-08
7.5000e+03,7.9292e-08
7.5100e+03,7.9148e-08
7.5200e+03,7.9012e-08
7.5300e+03,7.8954e-08
7.5400e+03,7.8999e-08
7.5500e+03,7.9119e-08
7.5600e+03,7.9264e-08
7.5700e+03,7.9388e-08
7.5800e+03,7.9469e-08
7.5900e+03,7.9506e-08
7.6000e+03,7.9506e-08
7.6100e+03,7.9473e-08
7.6200e+03,7.9411e-08
7.6300e+03,7.9326e-08
7.6400e+03,7.9240e-08
7.6500e+03,7.9178e-08
7.6600e+03,7.9153e-08
7.6700e+03,7.9160e-08
7.6800e+03,7.9181e-08
7.6900e+03,7.9197e-08
7.7000e+03,7.9194e-08
7.7100e+03,7.9175e-08
7.7200e+03,7.9150e-08
7.7300e+03,7.9134e-08
7.7400e+03,7.9130e-08
7.7500e+03,7.9132e-08
7.7600e+03,7.9137e-08
7.7700e+03,7.9149e-08
7.7800e+03,7.9175e-08
7.7900e+03,7.9206e-08
7.8000e+03,7.9222e-08
7.8100e+03,7.9202e-08
7.8200e+03,7.9149e-08
7.8300e+03,7.9083e-08
7.8400e+03,7.9028e-08
7.8500e+03,7.8990e-08
7.8600e+03,7.8957e-08
7.8700e+03,7.8911e-08
7.8800e+03,7.8840e-08
7.8900e+03,7.8744e-08
7.9000e+03,7.8634e-08
7.9100e+03,7.8524e-08
7.9200e+03,7.8424e-08
7.9300e+03,7.8347e-08
7.9400e+03,7.8306e-08
7.9500e+03,7.8317e-08
7.9600e+03,7.8381e-08
7.9700e+03,7.8483e-08
7.9800e+03,7.8605e-08
7.9900e+03,7.8743e-08
8.0000e+03,7.8909e-08
8.0100e+03,7.9118e-08
8.0200e+03,7.9375e-08
8.0300e+03,7.9674e-08
8.0400e+03,8.0007e-08
8.0500e+03,8.0364e-08
8.0600e+03,8.0728e-08
8.0700e+03,8.1081e-08
8.0800e+03,8.1409e-08
8.0900e+03,8.1703e-08
8.1000e+03,8.1954e-08
8.1100e+03,8.2148e-08
8.1200e+03,8.2277e-08
8.1300e+03,8.2341e-08
8.1400e+03,8.2346e-08
8.1500e+03,8.2305e-08
8.1600e+03,8.2235e-08
8.1700e+03,8.2161e-08
8.1800e+03,8.2110e-08
8.1900e+03,8.2109e-08
8.2000e+03,8.2177e-08
8.2100e+03,8.2324e-08
8.2200e+03,8.2550e-08
8.2300e+03,8.2850e-08
8.2400e+03,8.3204e-08
8.2500e+03,8.3582e-08
8.2600e+03,8.3946e-08
8.2700e+03,8.4271e-08
8.2800e+03,8.4543e-08
8.2900e+03,8.4763e-08
8.3000e+03,8.4934e-08
8.3100e+03,8.5061e-08
8.3200e+03,8.5147e-08
8.3300e+03,8.5198e-08
8.3400e+03,8.5222e-08
8.3500e+03,8.5225e-08
8.3600e+03,8.5213e-08
8.3700e+03,8.5190e-08
8.3800e+03,8.5162e-08
8.3900e+03,8.5135e-08
8.4000e+03,8.5109e-08
8.4100e+03,8.5082e-08
8.4200e+03,8.5054e-08
8.4300e+03,8.5027e-08
8.4400e+03,8.5001e-08
8.4500e+03,8.4974e-08
8.4600e+03,8.4939e-08
8.4700e+03,8.4892e-08
8.4800e+03,8.4835e-08
8.4900e+03,8.4785e-08
8.5000e+03,8.4769e-08
8.5100e+03,8.4811e-08
8.5200e+03,8.4924e-08
8.5300e+03,8.5109e-08
8.5400e+03,8.5349e-08
8.5500e+03,8.5620e-08
8.5600e+03,8.5893e-08
8.5700e+03,8.6139e-08
8.5800e+03,8.6329e-08
8.5900e+03,8.6442e-08
8.6000e+03,8.6479e-08
8.6100e+03,8.6469e-08
8.6200e+03,8.6454e-08
8.6300e+03,8.6459e-08
8.6400e+03,8.6481e-08
8.6500e+03,8.6502e-08
8.6600e+03,8.6504e-08
8.6700e+03,8.6487e-08
8.6800e+03,8.6454e-08
8.6900e+03,8.6414e-08
8.7000e+03,8.6370e-08
8.7100e+03,8.6332e-08
8.7200e+03,8.6310e-08
8.7300e+03,8.6319e-08
8.7400e+03,8.6355e-08
8.7500e+03,8.6393e-08
8.7600e+03,8.6394e-08
8.7700e+03,8.6339e-08
8.7800e+03,8.6241e-08
8.7900e+03,8.6145e-08
8.8000e+03,8.6101e-08
8.8100e+03,8.6143e-08
8.8200e+03,8.6273e-08
8.8300e+03,8.6458e-08
8.8400e+03,8.6646e-08
8.8500e+03,8.6793e-08
8.8600e+03,8.6888e-08
8.8700e+03,8.6947e-08
8.8800e+03,8.6985e-08
8.8900e+03,8.7006e-08
8.9000e+03,8.6992e-08
8.9100e+03,8.6929e-08
8.9200e+03,8.6812e-08
8.9300e+03,8.6664e-08
8.9400e+03,8.6521e-08
8.9500e+03,8.6425e-08
8.9600e+03,8.6395e-08
8.9700e+03,8.6428e-08
8.9800e+03,8.6501e-08
8.9900e+03,8.6580e-08
9.0000e+03,8.6641e-08
9.0100e+03,8.6675e-08
9.0200e+03,8.6694e-08
9.0300e+03,8.6717e-08
9.0400e+03,8.6759e-08
9.0500e+03,8.6825e-08
9.0600e+03,8.6915e-08
9.0700e+03,8.7022e-08
9.0800e+03,8.7137e-08
9.0900e+03,8.7253e-08
9.1000e+03,8.7360e-08
9.1100e+03,8.7446e-08
9.1200e+03,8.7504e-08
9.1300e+03,8.7530e-08
9.1400e+03,8.7526e-08
9.1500e+03,8.7500e-08
9.1600e+03,8.7464e-08
9.1700e+03,8.7431e-08
9.1800e+03,8.7407e-08
9.1900e+03,8.7389e-08
9.2000e+03,8.7367e-08
9.2100e+03,8.7334e-08
9.2200e+03,8.7299e-08
9.2300e+03,8.7280e-08
9.2400e+03,8.7294e-08
9.2500e+03,8.7339e-08
9.2600e+03,8.7394e-08
9.2700e+03,8.7424e-08
9.2800e+03,8.7402e-08
9.2900e+03,8.7312e-08
9.3000e+03,8.7153e-08
9.3100e+03,8.6934e-08
9.3200e+03,8.6669e-08
9.3300e+03,8.6375e-08
9.3400e+03,8.6069e-08
9.3500e+03,8.5775e-08
9.3600e+03,8.5517e-08
9.3700e+03,8.5309e-08
9.3800e+03,8.5157e-08
9.3900e+03,8.5053e-08
9.4000e+03,8.4990e-08
9.4100e+03,8.4956e-08
9.4200e+03,8.4943e-08
9.4300e+03,8.4939e-08
9.4400e+03,8.4936e-08
9.4500e+03,8.4932e-08
9.4600e+03,8.4926e-08
9.4700e+03,8.4920e-08
9.4800e+03,8.4915e-08
9.4900e+03,8.4904e-08
9.5000e+03,8.4878e-08
9.5100e+03,8.4829e-08
9.5200e+03,8.4755e-08
9.5300e+03,8.4663e-08
9.5400e+03,8.4560e-08
9.5500e+03,8.4451e-08
9.5600e+03,8.4326e-08
9.5700e+03,8.4175e-08
9.5800e+03,8.3997e-08
9.5900e+03,8.3812e-08
9.6000e+03,8.3645e-08
9.6100e+03,8.3509e-08
9.6200e+03,8.3406e-08
9.6300e+03,8.3335e-08
9.6400e+03,8.3292e-08
9.6500e+03,8.3270e-08
9.6600e+03,8.3257e-08
9.6700e+03,8.3239e-08
9.6800e+03,8.3207e-08
9.6900e+03,8.3162e-08
9.7000e+03,8.3107e-08
9.7100e+03,8.3049e-08
9.7200e+03,8.2997e-08
9.7300e+03,8.2959e-08
9.7400e+03,8.2938e-08
9.7500e+03,8.2929e-08
9.7600e+03,8.2924e-08
9.7700e+03,8.2916e-08
9.7800e+03,8.2902e-08
9.7900e+03,8.2882e-08
9.8000e+03,8.2857e-08
9.8100e+03,8.2833e-08
9.8200e+03,8.2818e-08
9.8300e+03,8.2815e-08
9.8400e+03,8.2821e-08
9.8500e+03,8.2831e-08
9.8600e+03,8.2850e-08
9.8700e+03,8.2888e-08
9.8800e+03,8.2949e-08
9.8900e+03,8.3035e-08
9.9000e+03,8.3154e-08
9.9100e+03,8.3320e-08
9.9200e+03,8.3537e-08
9.9300e+03,8.3784e-08
9.9400e+03,8.4030e-08
9.9500e+03,8.4255e-08
9.9600e+03,8.4456e-08
9.9700e+03,8.4635e-08
9.9800e+03,8.4789e-08
9.9900e+03,8.4900e-08
1.0000e+04,8.4953e-08
