# Time , Side-Flux
0.0000e+00,0.0000e+00
1.0000e+01,7.9980e-06
2.0000e+01,1.5545e-05
3.0000e+01,2.2285e-05
4.0000e+01,2.8012e-05
5.0000e+01,3.2670e-05
6.0000e+01,3.6313e-05
7.0000e+01,3.9060e-05
8.0000e+01,4.1058e-05
9.0000e+01,4.2455e-05
1.0000e+02,4.3385e-05
1.1000e+02,4.3964e-05
1.2000e+02,4.4287e-05
1.3000e+02,4.4429e-05
1.4000e+02,4.4450e-05
1.5000e+02,4.4393e-05
1.6000e+02,4.4291e-05
1.7000e+02,4.4169e-05
1.8000e+02,4.4041e-05
1.9000e+02,4.3919e-05
2.0000e+02,4.3808e-05
2.1000e+02,4.3713e-05
2.2000e+02,4.3633e-05
2.3000e+02,4.3569e-05
2.4000e+02,4.3520e-05
2.5000e+02,4.3483e-05
2.6000e+02,4.3457e-05
2.7000e+02,4.3440e-05
2.8000e+02,4.3429e-05
2.9000e+02,4.3423e-05
3.0000e+02,4.3421e-05
3.1000e+02,4.3421e-05
3.2000e+02,4.3423e-05
3.3000e+02,4.3426e-05
3.4000e+02,4.3429e-05
3.5000e+02,4.3434e-05
3.6000e+02,4.3438e-05
3.7000e+02,4.3443e-05
3.8000e+02,4.3448e-05
3.9000e+02,4.3452e-05
4.0000e+02,4.3456e-05
4.1000e+02,4.3460e-05
4.2000e+02,4.3464e-05
4.3000e+02,4.3469e-05
4.4000e+02,4.3474e-05
4.5000e+02,4.3478e-05
4.6000e+02,4.3482e-05
4.7000e+02,4.3484e-05
4.8000e+02,4.3485e-05
4.9000e+02,4.3485e-05
5.0000e+02,4.3484e-05
5.1000e+02,4.3483e-05
5.2000e+02,4.3482e-05
5.3000e+02,4.3479e-05
5.4000e+02,4.3476e-05
5.5000e+02,4.3472e-05
5.6000e+02,4.3467e-05
5.7000e+02,4.3459e-05
5.8000e+02,4.3449e-05
5.9000e+02,4.3435e-05
6.0000e+02,4.3416e-05
6.1000e+02,4.3392e-05
6.2000e+02,4.3361e-05
6.3000e+02,4.3323e-05
6.4000e+02,4.3277e-05
6.5000e+02,4.3222e-05
6.6000e+02,4.3157e-05
6.7000e+02,4.3082e-05
6.8000e+02,4.2997e-05
6.9000e+02,4.2899e-05
7.0000e+02,4.2789e-05
7.1000e+02,4.2666e-05
7.2000e+02,4.2529e-05
7.3000e+02,4.2378e-05
7.4000e+02,4.2216e-05
7.5000e+02,4.2046e-05
7.6000e+02,4.1872e-05
7.7000e+02,4.1700e-05
7.8000e+02,4.1531e-05
7.9000e+02,4.1366e-05
8.0000e+02,4.1201e-05
8.1000e+02,4.1034e-05
8.2000e+02,4.0862e-05
8.3000e+02,4.0685e-05
8.4000e+02,4.0508e-05
8.5000e+02,4.0337e-05
8.6000e+02,4.0182e-05
8.7000e+02,4.0045e-05
8.8000e+02,3.9929e-05
8.9000e+02,3.9829e-05
9.0000e+02,3.9733e-05
9.1000e+02,3.9628e-05
9.2000e+02,3.9499e-05
9.3000e+02,3.9334e-05
9.4000e+02,3.9127e-05
9.5000e+02,3.8881e-05
9.6000e+02,3.8607e-05
9.7000e+02,3.8324e-05
9.8000e+02,3.8057e-05
9.9000e+02,3.7828e-05
1.0000e+03,3.7658e-05
1.0100e+03,3.7555e-05
1.0200e+03,3.7513e-05
1.0300e+03,3.7515e-05
1.0400e+03,3.7534e-05
1.0500e+03,3.7539e-05
1.0600e+03,3.7502e-05
1.0700e+03,3.7401e-05
1.0800e+03,3.7223e-05
1.0900e+03,3.6971e-05
1.1000e+03,3.6660e-05
1.1100e+03,3.6315e-05
1.1200e+03,3.5969e-05
1.1300e+03,3.5655e-05
1.1400e+03,3.5402e-05
1.1500e+03,3.5227e-05
1.1600e+03,3.5141e-05
1.1700e+03,3.5145e-05
1.1800e+03,3.5231e-05
1.1900e+03,3.5386e-05
1.2000e+03,3.5594e-05
1.2100e+03,3.5833e-05
1.2200e+03,3.6080e-05
1.2300e+03,3.6314e-05
1.2400e+03,3.6514e-05
1.2500e+03,3.6661e-05
1.2600e+03,3.6746e-05
1.2700e+03,3.6768e-05
1.2800e+03,3.6731e-05
1.2900e+03,3.6648e-05
1.3000e+03,3.6533e-05
1.3100e+03,3.6398e-05
1.3200e+03,3.6255e-05
1.3300e+03,3.6111e-05
1.3400e+03,3.5970e-05
1.3500e+03,3.5836e-05
1.3600e+03,3.5714e-05
1.3700e+03,3.5607e-05
1.3800e+03,3.5520e-05
1.3900e+03,3.5460e-05
1.4000e+03,3.5426e-05
1.4100e+03,3.5419e-05
1.4200e+03,3.5433e-05
1.4300e+03,3.5463e-05
1.4400e+03,3.5500e-05
1.4500e+03,3.5537e-05
1.4600e+03,3.5567e-05
1.4700e+03,3.5587e-05
1.4800e+03,3.5593e-05
1.4900e+03,3.5587e-05
1.5000e+03,3.5569e-05
1.5100e+03,3.5544e-05
1.5200e+03,3.5514e-05
1.5300e+03,3.5484e-05
1.5400e+03,3.5456e-05
1.5500e+03,3.5434e-05
1.5600e+03,3.5418e-05
1.5700e+03,3.5408e-05
1.5800e+03,3.5403e-05
1.5900e+03,3.5403e-05
1.6000e+03,3.5406e-05
1.6100e+03,3.5413e-05
1.6200e+03,3.5421e-05
1.6300e+03,3.5429e-05
1.6400e+03,3.5436e-05
1.6500e+03,3.5439e-05
1.6600e+03,3.5436e-05
1.6700e+03,3.5426e-05
1.6800e+03,3.5408e-05
1.6900e+03,3.5384e-05
1.7000e+03,3.5353e-05
1.7100e+03,3.5315e-05
1.7200e+03,3.5271e-05
1.7300e+03,3.5222e-05
1.7400e+03,3.5173e-05
1.7500e+03,3.5127e-05
1.7600e+03,3.5089e-05
1.7700e+03,3.5062e-05
1.7800e+03,3.5045e-05
1.7900e+03,3.5034e-05
1.8000e+03,3.5022e-05
1.8100e+03,3.5001e-05
1.8200e+03,3.4962e-05
1.8300e+03,3.4903e-05
1.8400e+03,3.4825e-05
1.8500e+03,3.4734e-05
1.8600e+03,3.4637e-05
1.8700e+03,3.4545e-05
1.8800e+03,3.4463e-05
1.8900e+03,3.4396e-05
1.9000e+03,3.4343e-05
1.9100e+03,3.4305e-05
1.9200e+03,3.4279e-05
1.9300e+03,3.4263e-05
1.9400e+03,3.4254e-05
1.9500e+03,3.4251e-05
1.9600e+03,3.4251e-05
1.9700e+03,3.4252e-05
1.9800e+03,3.4253e-05
1.9900e+03,3.4251e-05
2.0000e+03,3.4247e-05
2.0100e+03,3.4238e-05
2.0200e+03,3.4224e-05
2.0300e+03,3.4204e-05
2.0400e+03,3.4177e-05
2.0500e+03,3.4142e-05
2.0600e+03,3.4095e-05
2.0700e+03,3.4034e-05
2.0800e+03,3.3956e-05
2.0900e+03,3.3858e-05
2.1000e+03,3.3737e-05
2.1100e+03,3.3591e-05
2.1200e+03,3.3415e-05
2.1300e+03,3.3206e-05
2.1400e+03,3.2961e-05
2.1500e+03,3.2679e-05
2.1600e+03,3.2360e-05
2.1700e+03,3.2011e-05
2.1800e+03,3.1640e-05
2.1900e+03,3.1260e-05
2.2000e+03,3.0888e-05
2.2100e+03,3.0540e-05
2.2200e+03,3.0232e-05
2.2300e+03,2.9974e-05
2.2400e+03,2.9774e-05
2.2500e+03,2.9637e-05
2.2600e+03,2.9566e-05
2.2700e+03,2.9563e-05
2.2800e+03,2.9627e-05
2.2900e+03,2.9752e-05
2.3000e+03,2.9927e-05
2.3100e+03,3.0136e-05
2.3200e+03,3.0359e-05
2.3300e+03,3.0577e-05
2.3400e+03,3.0773e-05
2.3500e+03,3.0933e-05
2.3600e+03,3.1048e-05
2.3700e+03,3.1116e-05
2.3800e+03,3.1141e-05
2.3900e+03,3.1129e-05
2.4000e+03,3.1088e-05
2.4100e+03,3.1027e-05
2.4200e+03,3.0954e-05
2.4300e+03,3.0878e-05
2.4400e+03,3.0804e-05
2.4500e+03,3.0739e-05
2.4600e+03,3.0681e-05
2.4700e+03,3.0629e-05
2.4800e+03,3.0577e-05
2.4900e+03,3.0524e-05
2.5000e+03,3.0468e-05
2.5100e+03,3.0411e-05
2.5200e+03,3.0356e-05
2.5300e+03,3.0302e-05
2.5400e+03,3.0253e-05
2.5500e+03,3.0209e-05
2.5600e+03,3.0171e-05
2.5700e+03,3.0141e-05
2.5800e+03,3.0121e-05
2.5900e+03,3.0112e-05
2.6000e+03,3.0115e-05
2.6100e+03,3.0128e-05
2.6200e+03,3.0149e-05
2.6300e+03,3.0174e-05
2.6400e+03,3.0199e-05
2.6500e+03,3.0219e-05
2.6600e+03,3.0234e-05
2.6700e+03,3.0242e-05
2.6800e+03,3.0244e-05
2.6900e+03,3.0239e-05
2.7000e+03,3.0227e-05
2.7100e+03,3.0209e-05
2.7200e+03,3.0184e-05
2.7300e+03,3.0154e-05
2.7400e+03,3.0121e-05
2.7500e+03,3.0089e-05
2.7600e+03,3.0060e-05
2.7700e+03,3.0037e-05
2.7800e+03,3.0023e-05
2.7900e+03,3.0016e-05
2.8000e+03,3.0013e-05
2.8100e+03,3.0010e-05
2.8200e+03,3.0004e-05
2.8300e+03,2.9989e-05
2.8400e+03,2.9962e-05
2.8500e+03,2.9917e-05
2.8600e+03,2.9851e-05
2.8700e+03,2.9759e-05
2.8800e+03,2.9639e-05
2.8900e+03,2.9487e-05
2.9000e+03,2.9304e-05
2.9100e+03,2.9091e-05
2.9200e+03,2.8854e-05
2.9300e+03,2.8599e-05
2.9400e+03,2.8333e-05
2.9500e+03,2.8064e-05
2.9600e+03,2.7793e-05
2.9700e+03,2.7521e-05
2.9800e+03,2.7246e-05
2.9900e+03,2.6966e-05
3.0000e+03,2.6685e-05
3.0100e+03,2.6408e-05
3.0200e+03,2.6145e-05
3.0300e+03,2.5906e-05
3.0400e+03,2.5701e-05
3.0500e+03,2.5532e-05
3.0600e+03,2.5395e-05
3.0700e+03,2.5282e-05
3.0800e+03,2.5180e-05
3.0900e+03,2.5078e-05
3.1000e+03,2.4971e-05
3.1100e+03,2.4862e-05
3.1200e+03,2.4765e-05
3.1300e+03,2.4696e-05
3.1400e+03,2.4670e-05
3.1500e+03,2.4692e-05
3.1600e+03,2.4758e-05
3.1700e+03,2.4856e-05
3.1800e+03,2.4969e-05
3.1900e+03,2.5077e-05
3.2000e+03,2.5167e-05
3.2100e+03,2.5227e-05
3.2200e+03,2.5255e-05
3.2300e+03,2.5256e-05
3.2400e+03,2.5236e-05
3.2500e+03,2.5204e-05
3.2600e+03,2.5169e-05
3.2700e+03,2.5136e-05
3.2800e+03,2.5108e-05
3.2900e+03,2.5088e-05
3.3000e+03,2.5076e-05
3.3100e+03,2.5069e-05
3.3200e+03,2.5068e-05
3.3300e+03,2.5072e-05
3.3400e+03,2.5081e-05
3.3500e+03,2.5093e-05
3.3600e+03,2.5110e-05
3.3700e+03,2.5128e-05
3.3800e+03,2.5147e-05
3.3900e+03,2.5163e-05
3.4000e+03,2.5174e-05
3.4100e+03,2.5178e-05
3.4200e+03,2.5174e-05
3.4300e+03,2.5161e-05
3.4400e+03,2.5142e-05
3.4500e+03,2.5118e-05
3.4600e+03,2.5092e-05
3.4700e+03,2.5065e-05
3.4800e+03,2.5035e-05
3.4900e+03,2.4999e-05
3.5000e+03,2.4953e-05
3.5100e+03,2.4898e-05
3.5200e+03,2.4836e-05
3.5300e+03,2.4770e-05
3.5400e+03,2.4706e-05
3.5500e+03,2.4650e-05
3.5600e+03,2.4606e-05
3.5700e+03,2.4575e-05
3.5800e+03,2.4557e-05
3.5900e+03,2.4550e-05
3.6000e+03,2.4553e-05
3.6100e+03,2.4563e-05
3.6200e+03,2.4579e-05
3.6300e+03,2.4604e-05
3.6400e+03,2.4637e-05
3.6500e+03,2.4682e-05
3.6600e+03,2.4737e-05
3.6700e+03,2.4800e-05
3.6800e+03,2.4866e-05
3.6900e+03,2.4925e-05
3.7000e+03,2.4970e-05
3.7100e+03,2.4994e-05
3.7200e+03,2.4993e-05
3.7300e+03,2.4967e-05
3.7400e+03,2.4919e-05
3.7500e+03,2.4856e-05
3.7600e+03,2.4789e-05
3.7700e+03,2.4729e-05
3.7800e+03,2.4684e-05
3.7900e+03,2.4661e-05
3.8000e+03,2.4662e-05
3.8100e+03,2.4681e-05
3.8200e+03,2.4714e-05
3.8300e+03,2.4751e-05
3.8400e+03,2.4784e-05
3.8500e+03,2.4808e-05
3.8600e+03,2.4819e-05
3.8700e+03,2.4814e-05
3.8800e+03,2.4795e-05
3.8900e+03,2.4761e-05
3.9000e+03,2.4710e-05
3.9100e+03,2.4641e-05
3.9200e+03,2.4553e-05
3.9300e+03,2.4449e-05
3.9400e+03,2.4334e-05
3.9500e+03,2.4218e-05
3.9600e+03,2.4108e-05
3.9700e+03,2.4010e-05
3.9800e+03,2.3923e-05
3.9900e+03,2.3840e-05
4.0000e+03,2.3746e-05
4.0100e+03,2.3628e-05
4.0200e+03,2.3473e-05
4.0300e+03,2.3276e-05
4.0400e+03,2.3043e-05
4.0500e+03,2.2786e-05
4.0600e+03,2.2524e-05
4.0700e+03,2.2275e-05
4.0800e+03,2.2053e-05
4.0900e+03,2.1865e-05
4.1000e+03,2.1710e-05
4.1100e+03,2.1579e-05
4.1200e+03,2.1465e-05
4.1300e+03,2.1360e-05
4.1400e+03,2.1264e-05
4.1500e+03,2.1187e-05
4.1600e+03,2.1140e-05
4.1700e+03,2.1136e-05
4.1800e+03,2.1182e-05
4.1900e+03,2.1278e-05
4.2000e+03,2.1419e-05
4.2100e+03,2.1590e-05
4.2200e+03,2.1776e-05
4.2300e+03,2.1960e-05
4.2400e+03,2.2129e-05
4.2500e+03,2.2273e-05
4.2600e+03,2.2386e-05
4.2700e+03,2.2464e-05
4.2800e+03,2.2507e-05
4.2900e+03,2.2515e-05
4.3000e+03,2.2490e-05
4.3100e+03,2.2434e-05
4.3200e+03,2.2354e-05
4.3300e+03,2.2256e-05
4.3400e+03,2.2147e-05
4.3500e+03,2.2033e-05
4.3600e+03,2.1917e-05
4.3700e+03,2.1800e-05
4.3800e+03,2.1681e-05
4.3900e+03,2.1553e-05
4.4000e+03,2.1414e-05
4.4100e+03,2.1258e-05
4.4200e+03,2.1085e-05
4.4300e+03,2.0899e-05
4.4400e+03,2.0706e-05
4.4500e+03,2.0519e-05
4.4600e+03,2.0350e-05
4.4700e+03,2.0211e-05
4.4800e+03,2.0113e-05
4.4900e+03,2.0064e-05
4.5000e+03,2.0066e-05
4.5100e+03,2.0116e-05
4.5200e+03,2.0205e-05
4.5300e+03,2.0323e-05
4.5400e+03,2.0456e-05
4.5500e+03,2.0593e-05
4.5600e+03,2.0724e-05
4.5700e+03,2.0841e-05
4.5800e+03,2.0943e-05
4.5900e+03,2.1030e-05
4.6000e+03,2.1102e-05
4.6100e+03,2.1163e-05
4.6200e+03,2.1213e-05
4.6300e+03,2.1254e-05
4.6400e+03,2.1282e-05
4.6500e+03,2.1298e-05
4.6600e+03,2.1298e-05
4.6700e+03,2.1283e-05
4.6800e+03,2.1254e-05
4.6900e+03,2.1216e-05
4.7000e+03,2.1175e-05
4.7100e+03,2.1137e-05
4.7200e+03,2.1106e-05
4.7300e+03,2.1087e-05
4.7400e+03,2.1076e-05
4.7500e+03,2.1072e-05
4.7600e+03,2.1067e-05
4.7700e+03,2.1056e-05
4.7800e+03,2.1031e-05
4.7900e+03,2.0987e-05
4.8000e+03,2.0921e-05
4.8100e+03,2.0833e-05
4.8200e+03,2.0725e-05
4.8300e+03,2.0604e-05
4.8400e+03,2.0474e-05
4.8500e+03,2.0344e-05
4.8600e+03,2.0218e-05
4.8700e+03,2.0099e-05
4.8800e+03,1.9991e-05
4.8900e+03,1.9896e-05
4.9000e+03,1.9818e-05
4.9100e+03,1.9758e-05
4.9200e+03,1.9717e-05
4.9300e+03,1.9693e-05
4.9400e+03,1.9682e-05
4.9500e+03,1.9683e-05
4.9600e+03,1.9691e-05
4.9700e+03,1.9707e-05
4.9800e+03,1.9729e-05
4.9900e+03,1.9762e-05
5.0000e+03,1.9807e-05
5.0100e+03,1.9866e-05
5.0200e+03,1.9937e-05
5.0300e+03,2.0014e-05
5.0400e+03,2.0087e-05
5.0500e+03,2.0140e-05
5.0600e+03,2.0157e-05
5.0700e+03,2.0125e-05
5.0800e+03,2.0031e-05
5.0900e+03,1.9868e-05
5.1000e+03,1.9634e-05
5.1100e+03,1.9328e-05
5.1200e+03,1.8955e-05
5.1300e+03,1.8523e-05
5.1400e+03,1.8048e-05
5.1500e+03,1.7548e-05
5.1600e+03,1.7045e-05
5.1700e+03,1.6564e-05
5.1800e+03,1.6127e-05
5.1900e+03,1.5757e-05
5.2000e+03,1.5475e-05
5.2100e+03,1.5300e-05
5.2200e+03,1.5245e-05
5.2300e+03,1.5314e-05
5.2400e+03,1.5501e-05
5.2500e+03,1.5789e-05
5.2600e+03,1.6154e-05
5.2700e+03,1.6571e-05
5.2800e+03,1.7013e-05
5.2900e+03,1.7451e-05
5.3000e+03,1.7860e-05
5.3100e+03,1.8215e-05
5.3200e+03,1.8500e-05
5.3300e+03,1.8708e-05
5.3400e+03,1.8847e-05
5.3500e+03,1.8934e-05
5.3600e+03,1.8997e-05
5.3700e+03,1.9066e-05
5.3800e+03,1.9168e-05
5.3900e+03,1.9323e-05
5.4000e+03,1.9538e-05
5.4100e+03,1.9804e-05
5.4200e+03,2.0103e-05
5.4300e+03,2.0407e-05
5.4400e+03,2.0690e-05
5.4500e+03,2.0927e-05
5.4600e+03,2.1104e-05
5.4700e+03,2.1209e-05
5.4800e+03,2.1241e-05
5.4900e+03,2.1199e-05
5.5000e+03,2.1089e-05
5.5100e+03,2.0920e-05
5.5200e+03,2.0703e-05
5.5300e+03,2.0451e-05
5.5400e+03,2.0179e-05
5.5500e+03,1.9898e-05
5.5600e+03,1.9619e-05
5.5700e+03,1.9347e-05
5.5800e+03,1.9087e-05
5.5900e+03,1.8844e-05
5.6000e+03,1.8622e-05
5.6100e+03,1.8425e-05
5.6200e+03,1.8258e-05
5.6300e+03,1.8122e-05
5.6400e+03,1.8018e-05
5.6500e+03,1.7942e-05
5.6600e+03,1.7893e-05
5.6700e+03,1.7869e-05
5.6800e+03,1.7868e-05
5.6900e+03,1.7891e-05
5.7000e+03,1.7937e-05
5.7100e+03,1.8005e-05
5.7200e+03,1.8094e-05
5.7300e+03,1.8202e-05
5.7400e+03,1.8329e-05
5.7500e+03,1.8473e-05
5.7600e+03,1.8632e-05
5.7700e+03,1.8803e-05
5.7800e+03,1.8982e-05
5.7900e+03,1.9162e-05
5.8000e+03,1.9331e-05
5.8100e+03,1.9478e-05
5.8200e+03,1.9588e-05
5.8300e+03,1.9652e-05
5.8400e+03,1.9665e-05
5.8500e+03,1.9628e-05
5.8600e+03,1.9545e-05
5.8700e+03,1.9427e-05
5.8800e+03,1.9281e-05
5.8900e+03,1.9119e-05
5.9000e+03,1.8950e-05
5.9100e+03,1.8782e-05
5.9200e+03,1.8623e-05
5.9300e+03,1.8477e-05
5.9400e+03,1.8347e-05
5.9500e+03,1.8234e-05
5.9600e+03,1.8136e-05
5.9700e+03,1.8051e-05
5.9800e+03,1.7978e-05
5.9900e+03,1.7914e-05
6.0000e+03,1.7861e-05
6.0100e+03,1.7819e-05
6.0200e+03,1.7793e-05
6.0300e+03,1.7785e-05
6.0400e+03,1.7798e-05
6.0500e+03,1.7834e-05
6.0600e+03,1.7893e-05
6.0700e+03,1.7974e-05
6.0800e+03,1.8073e-05
6.0900e+03,1.8189e-05
6.1000e+03,1.8317e-05
6.1100e+03,1.8455e-05
6.1200e+03,1.8597e-05
6.1300e+03,1.8738e-05
6.1400e+03,1.8872e-05
6.1500e+03,1.8993e-05
6.1600e+03,1.9097e-05
6.1700e+03,1.9180e-05
6.1800e+03,1.9241e-05
6.1900e+03,1.9281e-05
6.2000e+03,1.9301e-05
6.2100e+03,1.9304e-05
6.2200e+03,1.9291e-05
6.2300e+03,1.9264e-05
6.2400e+03,1.9222e-05
6.2500e+03,1.9166e-05
6.2600e+03,1.9097e-05
6.2700e+03,1.9018e-05
6.2800e+03,1.8933e-05
6.2900e+03,1.8850e-05
6.3000e+03,1.8773e-05
6.3100e+03,1.8706e-05
6.3200e+03,1.8649e-05
6.3300e+03,1.8600e-05
6.3400e+03,1.8553e-05
6.3500e+03,1.8502e-05
6.3600e+03,1.8444e-05
6.3700e+03,1.8375e-05
6.3800e+03,1.8296e-05
6.3900e+03,1.8209e-05
6.4000e+03,1.8116e-05
6.4100e+03,1.8024e-05
6.4200e+03,1.7936e-05
6.4300e+03,1.7857e-05
6.4400e+03,1.7792e-05
6.4500e+03,1.7741e-05
6.4600e+03,1.7704e-05
6.4700e+03,1.7678e-05
6.4800e+03,1.7657e-05
6.4900e+03,1.7636e-05
6.5000e+03,1.7609e-05
6.5100e+03,1.7569e-05
6.5200e+03,1.7511e-05
6.5300e+03,1.7430e-05
6.5400e+03,1.7323e-05
6.5500e+03,1.7187e-05
6.5600e+03,1.7022e-05
6.5700e+03,1.6832e-05
6.5800e+03,1.6621e-05
6.5900e+03,1.6399e-05
6.6000e+03,1.6174e-05
6.6100e+03,1.5954e-05
6.6200e+03,1.5746e-05
6.6300e+03,1.5554e-05
6.6400e+03,1.5378e-05
6.6500e+03,1.5221e-05
6.6600e+03,1.5083e-05
6.6700e+03,1.4968e-05
6.6800e+03,1.4875e-05
6.6900e+03,1.4805e-05
6.7000e+03,1.4756e-05
6.7100e+03,1.4724e-05
6.7200e+03,1.4706e-05
6.7300e+03,1.4696e-05
6.7400e+03,1.4689e-05
6.7500e+03,1.4682e-05
6.7600e+03,1.4672e-05
6.7700e+03,1.4656e-05
6.7800e+03,1.4634e-05
6.7900e+03,1.4604e-05
6.8000e+03,1.4567e-05
6.8100e+03,1.4522e-05
6.8200e+03,1.4471e-05
6.8300e+03,1.4413e-05
6.8400e+03,1.4349e-05
6.8500e+03,1.4279e-05
6.8600e+03,1.4205e-05
6.8700e+03,1.4126e-05
6.8800e+03,1.4042e-05
6.8900e+03,1.3953e-05
6.9000e+03,1.3861e-05
6.9100e+03,1.3767e-05
6.9200e+03,1.3677e-05
6.9300e+03,1.3597e-05
6.9400e+03,1.3535e-05
6.9500e+03,1.3496e-05
6.9600e+03,1.3483e-05
6.9700e+03,1.3499e-05
6.9800e+03,1.3541e-05
6.9900e+03,1.3608e-05
7.0000e+03,1.3697e-05
7.0100e+03,1.3807e-05
7.0200e+03,1.3937e-05
7.0300e+03,1.4084e-05
7.0400e+03,1.4243e-05
7.0500e+03,1.4407e-05
7.0600e+03,1.4570e-05
7.0700e+03,1.4726e-05
7.0800e+03,1.4872e-05
7.0900e+03,1.5008e-05
7.1000e+03,1.5135e-05
7.1100e+03,1.5254e-05
7.1200e+03,1.5367e-05
7.1300e+03,1.5474e-05
7.1400e+03,1.5573e-05
7.1500e+03,1.5664e-05
7.1600e+03,1.5746e-05
7.1700e+03,1.5822e-05
7.1800e+03,1.5893e-05
7.1900e+03,1.5962e-05
7.2000e+03,1.6031e-05
7.2100e+03,1.6099e-05
7.2200e+03,1.6170e-05
7.2300e+03,1.6243e-05
7.2400e+03,1.6319e-05
7.2500e+03,1.6397e-05
7.2600e+03,1.6475e-05
7.2700e+03,1.6549e-05
7.2800e+03,1.6616e-05
7.2900e+03,1.6669e-05
7.3000e+03,1.6703e-05
7.3100e+03,1.6717e-05
7.3200e+03,1.6709e-05
7.3300e+03,1.6680e-05
7.3400e+03,1.6633e-05
7.3500e+03,1.6570e-05
7.3600e+03,1.6495e-05
7.3700e+03,1.6410e-05
7.3800e+03,1.6314e-05
7.3900e+03,1.6208e-05
7.4000e+03,1.6089e-05
7.4100e+03,1.5954e-05
7.4200e+03,1.5803e-05
7.4300e+03,1.5638e-05
7.4400e+03,1.5460e-05
7.4500e+03,1.5275e-05
7.4600e+03,1.5087e-05
7.4700e+03,1.4900e-05
7.4800e+03,1.4718e-05
7.4900e+03,1.4546e-05
7.5000e+03,1.4387e-05
7.5100e+03,1.4245e-05
7.5200e+03,1.4125e-05
7.5300e+03,1.4036e-05
7.5400e+03,1.3982e-05
7.5500e+03,1.3968e-05
7.5600e+03,1.3990e-05
7.5700e+03,1.4038e-05
7.5800e+03,1.4097e-05
7.5900e+03,1.4147e-05
7.6000e+03,1.4173e-05
7.6100e+03,1.4164e-05
7.6200e+03,1.4120e-05
7.6300e+03,1.4046e-05
7.6400e+03,1.3952e-05
7.6500e+03,1.3855e-05
7.6600e+03,1.3773e-05
7.6700e+03,1.3724e-05
7.6800e+03,1.3726e-05
7.6900e+03,1.3786e-05
7.7000e+03,1.3901e-05
7.7100e+03,1.4055e-05
7.7200e+03,1.4224e-05
7.7300e+03,1.4384e-05
7.7400e+03,1.4514e-05
7.7500e+03,1.4605e-05
7.7600e+03,1.4657e-05
7.7700e+03,1.4679e-05
7.7800e+03,1.4684e-05
7.7900e+03,1.4682e-05
7.8000e+03,1.4680e-05
7.8100e+03,1.4680e-05
7.8200e+03,1.4679e-05
7.8300e+03,1.4672e-05
7.8400e+03,1.4656e-05
7.8500e+03,1.4630e-05
7.8600e+03,1.4594e-05
7.8700e+03,1.4555e-05
7.8800e+03,1.4518e-05
7.8900e+03,1.4488e-05
7.9000e+03,1.4473e-05
7.9100e+03,1.4474e-05
7.9200e+03,1.4491e-05
7.9300e+03,1.4521e-05
7.9400e+03,1.4561e-05
7.9500e+03,1.4603e-05
7.9600e+03,1.4642e-05
7.9700e+03,1.4672e-05
7.9800e+03,1.4689e-05
7.9900e+03,1.4691e-05
8.0000e+03,1.4681e-05
8.0100e+03,1.4661e-05
8.0200e+03,1.4636e-05
8.0300e+03,1.4611e-05
8.0400e+03,1.4590e-05
8.0500e+03,1.4572e-05
8.0600e+03,1.4560e-05
8.0700e+03,1.4552e-05
8.0800e+03,1.4548e-05
8.0900e+03,1.4545e-05
8.1000e+03,1.4544e-05
8.1100e+03,1.4544e-05
8.1200e+03,1.4546e-05
8.1300e+03,1.4551e-05
8.1400e+03,1.4561e-05
8.1500e+03,1.4577e-05
8.1600e+03,1.4600e-05
8.1700e+03,1.4629e-05
8.1800e+03,1.4662e-05
8.1900e+03,1.4697e-05
8.2000e+03,1.4728e-05
8.2100e+03,1.4751e-05
8.2200e+03,1.4759e-05
8.2300e+03,1.4748e-05
8.2400e+03,1.4712e-05
8.2500e+03,1.4647e-05
8.2600e+03,1.4554e-05
8.2700e+03,1.4433e-05
8.2800e+03,1.4288e-05
8.2900e+03,1.4128e-05
8.3000e+03,1.3958e-05
8.3100e+03,1.3786e-05
8.3200e+03,1.3618e-05
8.3300e+03,1.3458e-05
8.3400e+03,1.3310e-05
8.3500e+03,1.3177e-05
8.3600e+03,1.3059e-05
8.3700e+03,1.2956e-05
8.3800e+03,1.2864e-05
8.3900e+03,1.2776e-05
8.4000e+03,1.2689e-05
8.4100e+03,1.2599e-05
8.4200e+03,1.2507e-05
8.4300e+03,1.2418e-05
8.4400e+03,1.2341e-05
8.4500e+03,1.2284e-05
8.4600e+03,1.2254e-05
8.4700e+03,1.2255e-05
8.4800e+03,1.2286e-05
8.4900e+03,1.2344e-05
8.5000e+03,1.2422e-05
8.5100e+03,1.2512e-05
8.5200e+03,1.2606e-05
8.5300e+03,1.2696e-05
8.5400e+03,1.2776e-05
8.5500e+03,1.2842e-05
8.5600e+03,1.2890e-05
8.5700e+03,1.2919e-05
8.5800e+03,1.2930e-05
8.5900e+03,1.2922e-05
8.6000e+03,1.2899e-05
8.6100e+03,1.2861e-05
8.6200e+03,1.2807e-05
8.6300e+03,1.2739e-05
8.6400e+03,1.2653e-05
8.6500e+03,1.2548e-05
8.6600e+03,1.2424e-05
8.6700e+03,1.2284e-05
8.6800e+03,1.2133e-05
8.6900e+03,1.1981e-05
8.7000e+03,1.1839e-05
8.7100e+03,1.1717e-05
8.7200e+03,1.1622e-05
8.7300e+03,1.1559e-05
8.7400e+03,1.1529e-05
8.7500e+03,1.1523e-05
8.7600e+03,1.1532e-05
8.7700e+03,1.1539e-05
8.7800e+03,1.1525e-05
8.7900e+03,1.1472e-05
8.8000e+03,1.1365e-05
8.8100e+03,1.1201e-05
8.8200e+03,1.0984e-05
8.8300e+03,1.0730e-05
8.8400e+03,1.0460e-05
8.8500e+03,1.0196e-05
8.8600e+03,9.9590e-06
8.8700e+03,9.7666e-06
8.8800e+03,9.6326e-06
8.8900e+03,9.5662e-06
8.9000e+03,9.5708e-06
8.9100e+03,9.6429e-06
8.9200e+03,9.7726e-06
8.9300e+03,9.9451e-06
8.9400e+03,1.0144e-05
8.9500e+03,1.0354e-05
8.9600e+03,1.0562e-05
8.9700e+03,1.0759e-05
8.9800e+03,1.0939e-05
8.9900e+03,1.1098e-05
9.0000e+03,1.1235e-05
9.0100e+03,1.1349e-05
9.0200e+03,1.1445e-05
9.0300e+03,1.1528e-05
9.0400e+03,1.1603e-05
9.0500e+03,1.1676e-05
9.0600e+03,1.1750e-05
9.0700e+03,1.1827e-05
9.0800e+03,1.1904e-05
9.0900e+03,1.1979e-05
9.1000e+03,1.2046e-05
9.1100e+03,1.2096e-05
9.1200e+03,1.2122e-05
9.1300e+03,1.2115e-05
9.1400e+03,1.2067e-05
9.1500e+03,1.1979e-05
9.1600e+03,1.1854e-05
9.1700e+03,1.1705e-05
9.1800e+03,1.1549e-05
9.1900e+03,1.1406e-05
9.2000e+03,1.1296e-05
9.2100e+03,1.1231e-05
9.2200e+03,1.1214e-05
9.2300e+03,1.1241e-05
9.2400e+03,1.1301e-05
9.2500e+03,1.1381e-05
9.2600e+03,1.1471e-05
9.2700e+03,1.1565e-05
9.2800e+03,1.1661e-05
9.2900e+03,1.1758e-05
9.3000e+03,1.1854e-05
9.3100e+03,1.1946e-05
9.3200e+03,1.2029e-05
9.3300e+03,1.2098e-05
9.3400e+03,1.2148e-05
9.3500e+03,1.2176e-05
9.3600e+03,1.2181e-05
9.3700e+03,1.2163e-05
9.3800e+03,1.2124e-05
9.3900e+03,1.2069e-05
9.4000e+03,1.2000e-05
9.4100e+03,1.1922e-05
9.4200e+03,1.1842e-05
9.4300e+03,1.1763e-05
9.4400e+03,1.1692e-05
9.4500e+03,1.1631e-05
9.4600e+03,1.1583e-05
9.4700e+03,1.1550e-05
9.4800e+03,1.1532e-05
9.4900e+03,1.1527e-05
9.5000e+03,1.1534e-05
9.5100e+03,1.1550e-05
9.5200e+03,1.1572e-05
9.5300e+03,1.1595e-05
9.5400e+03,1.1617e-05
9.5500e+03,1.1637e-05
9.5600e+03,1.1653e-05
9.5700e+03,1.1667e-05
9.5800e+03,1.1681e-05
9.5900e+03,1.1698e-05
9.6000e+03,1.1719e-05
9.6100e+03,1.1747e-05
9.6200e+03,1.1781e-05
9.6300e+03,1.1821e-05
9.6400e+03,1.1867e-05
9.6500e+03,1.1915e-05
9.6600e+03,1.1965e-05
9.6700e+03,1.2012e-05
9.6800e+03,1.2053e-05
9.6900e+03,1.2084e-05
9.7000e+03,1.2101e-05
9.7100e+03,1.2104e-05
9.7200e+03,1.2093e-05
9.7300e+03,1.2072e-05
9.7400e+03,1.2046e-05
9.7500e+03,1.2022e-05
9.7600e+03,1.2006e-05
9.7700e+03,1.2001e-05
9.7800e+03,1.2009e-05
9.7900e+03,1.2025e-05
9.8000e+03,1.2041e-05
9.8100e+03,1.2046e-05
9.8200e+03,1.2028e-05
9.8300e+03,1.1979e-05
9.8400e+03,1.1892e-05
9.8500e+03,1.1768e-05
9.8600e+03,1.1614e-05
9.8700e+03,1.1440e-05
9.8800e+03,1.1259e-05
9.8900e+03,1.1084e-05
9.9000e+03,1.0929e-05
9.9100e+03,1.0803e-05
9.9200e+03,1.0710e-05
9.9300e+03,1.0654e-05
9.9400e+03,1.0632e-05
9.9500e+03,1.0645e-05
9.9600e+03,1.0690e-05
9.9700e+03,1.0765e-05
9.9800e+03,1.0866e-05
9.9900e+03,1.0986e-05
1.0000e+04,1.1116e-05
