# Time , Side-Flux
0.0000e+00,0.0000e+00
1.0000e+01,1.9507e-05
2.0000e+01,3.7464e-05
3.0000e+01,5.2798e-05
4.0000e+01,6.5095e-05
5.0000e+01,7.4470e-05
6.0000e+01,8.1324e-05
7.0000e+01,8.6147e-05
8.0000e+01,8.9407e-05
9.0000e+01,9.1503e-05
1.0000e+02,9.2758e-05
1.1000e+02,9.3420e-05
1.2000e+02,9.3678e-05
1.3000e+02,9.3674e-05
1.4000e+02,9.3509e-05
1.5000e+02,9.3256e-05
1.6000e+02,9.2966e-05
1.7000e+02,9.2670e-05
1.8000e+02,9.2391e-05
1.9000e+02,9.2141e-05
2.0000e+02,9.1925e-05
2.1000e+02,9.1745e-05
2.2000e+02,9.1600e-05
2.3000e+02,9.1486e-05
2.4000e+02,9.1401e-05
2.5000e+02,9.1338e-05
2.6000e+02,9.1295e-05
2.7000e+02,9.1266e-05
2.8000e+02,9.1249e-05
2.9000e+02,9.1240e-05
3.0000e+02,9.1236e-05
3.1000e+02,9.1236e-05
3.2000e+02,9.1238e-05
3.3000e+02,9.1241e-05
3.4000e+02,9.1244e-05
3.5000e+02,9.1248e-05
3.6000e+02,9.1254e-05
3.7000e+02,9.1262e-05
3.8000e+02,9.1268e-05
3.9000e+02,9.1271e-05
4.0000e+02,9.1272e-05
4.1000e+02,9.1271e-05
4.2000e+02,9.1274e-05
4.3000e+02,9.1279e-05
4.4000e+02,9.1287e-05
4.5000e+02,9.1294e-05
4.6000e+02,9.1299e-05
4.7000e+02,9.1301e-05
4.8000e+02,9.1301e-05
4.9000e+02,9.1298e-05
5.0000e+02,9.1294e-05
5.1000e+02,9.1290e-05
5.2000e+02,9.1284e-05
5.3000e+02,9.1278e-05
5.4000e+02,9.1270e-05
5.5000e+02,9.1260e-05
5.6000e+02,9.1247e-05
5.7000e+02,9.1228e-05
5.8000e+02,9.1200e-05
5.9000e+02,9.1160e-05
6.0000e+02,9.1103e-05
6.1000e+02,9.1025e-05
6.2000e+02,9.0924e-05
6.3000e+02,9.0798e-05
6.4000e+02,9.0642e-05
6.5000e+02,9.0455e-05
6.6000e+02,9.0234e-05
6.7000e+02,8.9981e-05
6.8000e+02,8.9699e-05
6.9000e+02,8.9393e-05
7.0000e+02,8.9064e-05
7.1000e+02,8.8709e-05
7.2000e+02,8.8326e-05
7.3000e+02,8.7915e-05
7.4000e+02,8.7484e-05
7.5000e+02,8.7051e-05
7.6000e+02,8.6636e-05
7.7000e+02,8.6257e-05
7.8000e+02,8.5922e-05
7.9000e+02,8.5619e-05
8.0000e+02,8.5324e-05
8.1000e+02,8.5010e-05
8.2000e+02,8.4656e-05
8.3000e+02,8.4263e-05
8.4000e+02,8.3853e-05
8.5000e+02,8.3464e-05
8.6000e+02,8.3135e-05
8.7000e+02,8.2891e-05
8.8000e+02,8.2735e-05
8.9000e+02,8.2649e-05
9.0000e+02,8.2594e-05
9.1000e+02,8.2513e-05
9.2000e+02,8.2348e-05
9.3000e+02,8.2049e-05
9.4000e+02,8.1595e-05
9.5000e+02,8.0991e-05
9.6000e+02,8.0278e-05
9.7000e+02,7.9521e-05
9.8000e+02,7.8809e-05
9.9000e+02,7.8236e-05
1.0000e+03,7.7876e-05
1.0100e+03,7.7762e-05
1.0200e+03,7.7871e-05
1.0300e+03,7.8131e-05
1.0400e+03,7.8441e-05
1.0500e+03,7.8694e-05
1.0600e+03,7.8796e-05
1.0700e+03,7.8674e-05
1.0800e+03,7.8288e-05
1.0900e+03,7.7641e-05
1.1000e+03,7.6779e-05
1.1100e+03,7.5791e-05
1.1200e+03,7.4783e-05
1.1300e+03,7.3857e-05
1.1400e+03,7.3091e-05
1.1500e+03,7.2534e-05
1.1600e+03,7.2201e-05
1.1700e+03,7.2085e-05
1.1800e+03,7.2163e-05
1.1900e+03,7.2401e-05
1.2000e+03,7.2762e-05
1.2100e+03,7.3201e-05
1.2200e+03,7.3670e-05
1.2300e+03,7.4118e-05
1.2400e+03,7.4495e-05
1.2500e+03,7.4758e-05
1.2600e+03,7.4878e-05
1.2700e+03,7.4852e-05
1.2800e+03,7.4698e-05
1.2900e+03,7.4453e-05
1.3000e+03,7.4152e-05
1.3100e+03,7.3829e-05
1.3200e+03,7.3502e-05
1.3300e+03,7.3181e-05
1.3400e+03,7.2866e-05
1.3500e+03,7.2553e-05
1.3600e+03,7.2242e-05
1.3700e+03,7.1944e-05
1.3800e+03,7.1676e-05
1.3900e+03,7.1458e-05
1.4000e+03,7.1304e-05
1.4100e+03,7.1214e-05
1.4200e+03,7.1181e-05
1.4300e+03,7.1191e-05
1.4400e+03,7.1228e-05
1.4500e+03,7.1275e-05
1.4600e+03,7.1317e-05
1.4700e+03,7.1343e-05
1.4800e+03,7.1346e-05
1.4900e+03,7.1328e-05
1.5000e+03,7.1291e-05
1.5100e+03,7.1242e-05
1.5200e+03,7.1187e-05
1.5300e+03,7.1133e-05
1.5400e+03,7.1088e-05
1.5500e+03,7.1054e-05
1.5600e+03,7.1033e-05
1.5700e+03,7.1023e-05
1.5800e+03,7.1020e-05
1.5900e+03,7.1023e-05
1.6000e+03,7.1029e-05
1.6100e+03,7.1039e-05
1.6200e+03,7.1051e-05
1.6300e+03,7.1064e-05
1.6400e+03,7.1074e-05
1.6500e+03,7.1073e-05
1.6600e+03,7.1059e-05
1.6700e+03,7.1032e-05
1.6800e+03,7.0992e-05
1.6900e+03,7.0942e-05
1.7000e+03,7.0881e-05
1.7100e+03,7.0807e-05
1.7200e+03,7.0715e-05
1.7300e+03,7.0610e-05
1.7400e+03,7.0501e-05
1.7500e+03,7.0403e-05
1.7600e+03,7.0332e-05
1.7700e+03,7.0299e-05
1.7800e+03,7.0305e-05
1.7900e+03,7.0335e-05
1.8000e+03,7.0362e-05
1.8100e+03,7.0355e-05
1.8200e+03,7.0284e-05
1.8300e+03,7.0137e-05
1.8400e+03,6.9917e-05
1.8500e+03,6.9647e-05
1.8600e+03,6.9358e-05
1.8700e+03,6.9081e-05
1.8800e+03,6.8837e-05
1.8900e+03,6.8635e-05
1.9000e+03,6.8474e-05
1.9100e+03,6.8350e-05
1.9200e+03,6.8257e-05
1.9300e+03,6.8193e-05
1.9400e+03,6.8156e-05
1.9500e+03,6.8146e-05
1.9600e+03,6.8158e-05
1.9700e+03,6.8188e-05
1.9800e+03,6.8230e-05
1.9900e+03,6.8274e-05
2.0000e+03,6.8313e-05
2.0100e+03,6.8340e-05
2.0200e+03,6.8352e-05
2.0300e+03,6.8348e-05
2.0400e+03,6.8327e-05
2.0500e+03,6.8285e-05
2.0600e+03,6.8220e-05
2.0700e+03,6.8124e-05
2.0800e+03,6.7993e-05
2.0900e+03,6.7821e-05
2.1000e+03,6.7605e-05
2.1100e+03,6.7340e-05
2.1200e+03,6.7018e-05
2.1300e+03,6.6624e-05
2.1400e+03,6.6144e-05
2.1500e+03,6.5568e-05
2.1600e+03,6.4898e-05
2.1700e+03,6.4141e-05
2.1800e+03,6.3312e-05
2.1900e+03,6.2444e-05
2.2000e+03,6.1580e-05
2.2100e+03,6.0768e-05
2.2200e+03,6.0045e-05
2.2300e+03,5.9428e-05
2.2400e+03,5.8917e-05
2.2500e+03,5.8513e-05
2.2600e+03,5.8225e-05
2.2700e+03,5.8068e-05
2.2800e+03,5.8056e-05
2.2900e+03,5.8186e-05
2.3000e+03,5.8437e-05
2.3100e+03,5.8779e-05
2.3200e+03,5.9174e-05
2.3300e+03,5.9579e-05
2.3400e+03,5.9949e-05
2.3500e+03,6.0245e-05
2.3600e+03,6.0446e-05
2.3700e+03,6.0549e-05
2.3800e+03,6.0565e-05
2.3900e+03,6.0510e-05
2.4000e+03,6.0405e-05
2.4100e+03,6.0266e-05
2.4200e+03,6.0111e-05
2.4300e+03,5.9954e-05
2.4400e+03,5.9814e-05
2.4500e+03,5.9701e-05
2.4600e+03,5.9615e-05
2.4700e+03,5.9539e-05
2.4800e+03,5.9456e-05
2.4900e+03,5.9355e-05
2.5000e+03,5.9237e-05
2.5100e+03,5.9110e-05
2.5200e+03,5.8981e-05
2.5300e+03,5.8857e-05
2.5400e+03,5.8736e-05
2.5500e+03,5.8618e-05
2.5600e+03,5.8504e-05
2.5700e+03,5.8396e-05
2.5800e+03,5.8303e-05
2.5900e+03,5.8236e-05
2.6000e+03,5.8203e-05
2.6100e+03,5.8206e-05
2.6200e+03,5.8235e-05
2.6300e+03,5.8279e-05
2.6400e+03,5.8323e-05
2.6500e+03,5.8357e-05
2.6600e+03,5.8377e-05
2.6700e+03,5.8381e-05
2.6800e+03,5.8369e-05
2.6900e+03,5.8344e-05
2.7000e+03,5.8304e-05
2.7100e+03,5.8250e-05
2.7200e+03,5.8181e-05
2.7300e+03,5.8097e-05
2.7400e+03,5.8001e-05
2.7500e+03,5.7901e-05
2.7600e+03,5.7806e-05
2.7700e+03,5.7727e-05
2.7800e+03,5.7666e-05
2.7900e+03,5.7622e-05
2.8000e+03,5.7585e-05
2.8100e+03,5.7545e-05
2.8200e+03,5.7492e-05
2.8300e+03,5.7418e-05
2.8400e+03,5.7315e-05
2.8500e+03,5.7177e-05
2.8600e+03,5.6996e-05
2.8700e+03,5.6766e-05
2.8800e+03,5.6482e-05
2.8900e+03,5.6137e-05
2.9000e+03,5.5732e-05
2.9100e+03,5.5272e-05
2.9200e+03,5.4770e-05
2.9300e+03,5.4251e-05
2.9400e+03,5.3736e-05
2.9500e+03,5.3237e-05
2.9600e+03,5.2755e-05
2.9700e+03,5.2275e-05
2.9800e+03,5.1779e-05
2.9900e+03,5.1250e-05
3.0000e+03,5.0688e-05
3.0100e+03,5.0113e-05
3.0200e+03,4.9562e-05
3.0300e+03,4.9076e-05
3.0400e+03,4.8679e-05
3.0500e+03,4.8377e-05
3.0600e+03,4.8157e-05
3.0700e+03,4.7984e-05
3.0800e+03,4.7807e-05
3.0900e+03,4.7570e-05
3.1000e+03,4.7242e-05
3.1100e+03,4.6838e-05
3.1200e+03,4.6420e-05
3.1300e+03,4.6069e-05
3.1400e+03,4.5849e-05
3.1500e+03,4.5789e-05
3.1600e+03,4.5882e-05
3.1700e+03,4.6093e-05
3.1800e+03,4.6372e-05
3.1900e+03,4.6658e-05
3.2000e+03,4.6897e-05
3.2100e+03,4.7052e-05
3.2200e+03,4.7114e-05
3.2300e+03,4.7097e-05
3.2400e+03,4.7026e-05
3.2500e+03,4.6928e-05
3.2600e+03,4.6827e-05
3.2700e+03,4.6740e-05
3.2800e+03,4.6676e-05
3.2900e+03,4.6637e-05
3.3000e+03,4.6620e-05
3.3100e+03,4.6621e-05
3.3200e+03,4.6634e-05
3.3300e+03,4.6658e-05
3.3400e+03,4.6688e-05
3.3500e+03,4.6725e-05
3.3600e+03,4.6767e-05
3.3700e+03,4.6808e-05
3.3800e+03,4.6844e-05
3.3900e+03,4.6867e-05
3.4000e+03,4.6873e-05
3.4100e+03,4.6857e-05
3.4200e+03,4.6820e-05
3.4300e+03,4.6765e-05
3.4400e+03,4.6697e-05
3.4500e+03,4.6626e-05
3.4600e+03,4.6561e-05
3.4700e+03,4.6505e-05
3.4800e+03,4.6449e-05
3.4900e+03,4.6379e-05
3.5000e+03,4.6280e-05
3.5100e+03,4.6151e-05
3.5200e+03,4.6001e-05
3.5300e+03,4.5846e-05
3.5400e+03,4.5703e-05
3.5500e+03,4.5586e-05
3.5600e+03,4.5501e-05
3.5700e+03,4.5449e-05
3.5800e+03,4.5426e-05
3.5900e+03,4.5424e-05
3.6000e+03,4.5433e-05
3.6100e+03,4.5445e-05
3.6200e+03,4.5457e-05
3.6300e+03,4.5472e-05
3.6400e+03,4.5499e-05
3.6500e+03,4.5549e-05
3.6600e+03,4.5632e-05
3.6700e+03,4.5745e-05
3.6800e+03,4.5877e-05
3.6900e+03,4.6007e-05
3.7000e+03,4.6112e-05
3.7100e+03,4.6174e-05
3.7200e+03,4.6180e-05
3.7300e+03,4.6128e-05
3.7400e+03,4.6022e-05
3.7500e+03,4.5876e-05
3.7600e+03,4.5712e-05
3.7700e+03,4.5558e-05
3.7800e+03,4.5439e-05
3.7900e+03,4.5371e-05
3.8000e+03,4.5358e-05
3.8100e+03,4.5388e-05
3.8200e+03,4.5447e-05
3.8300e+03,4.5513e-05
3.8400e+03,4.5570e-05
3.8500e+03,4.5603e-05
3.8600e+03,4.5608e-05
3.8700e+03,4.5584e-05
3.8800e+03,4.5537e-05
3.8900e+03,4.5467e-05
3.9000e+03,4.5370e-05
3.9100e+03,4.5236e-05
3.9200e+03,4.5058e-05
3.9300e+03,4.4840e-05
3.9400e+03,4.4599e-05
3.9500e+03,4.4360e-05
3.9600e+03,4.4150e-05
3.9700e+03,4.3985e-05
3.9800e+03,4.3860e-05
3.9900e+03,4.3746e-05
4.0000e+03,4.3596e-05
4.0100e+03,4.3356e-05
4.0200e+03,4.2985e-05
4.0300e+03,4.2473e-05
4.0400e+03,4.1841e-05
4.0500e+03,4.1139e-05
4.0600e+03,4.0434e-05
4.0700e+03,3.9791e-05
4.0800e+03,3.9256e-05
4.0900e+03,3.8847e-05
4.1000e+03,3.8547e-05
4.1100e+03,3.8314e-05
4.1200e+03,3.8093e-05
4.1300e+03,3.7845e-05
4.1400e+03,3.7565e-05
4.1500e+03,3.7284e-05
4.1600e+03,3.7053e-05
4.1700e+03,3.6924e-05
4.1800e+03,3.6932e-05
4.1900e+03,3.7087e-05
4.2000e+03,3.7372e-05
4.2100e+03,3.7747e-05
4.2200e+03,3.8162e-05
4.2300e+03,3.8569e-05
4.2400e+03,3.8930e-05
4.2500e+03,3.9225e-05
4.2600e+03,3.9445e-05
4.2700e+03,3.9588e-05
4.2800e+03,3.9654e-05
4.2900e+03,3.9643e-05
4.3000e+03,3.9555e-05
4.3100e+03,3.9396e-05
4.3200e+03,3.9179e-05
4.3300e+03,3.8925e-05
4.3400e+03,3.8654e-05
4.3500e+03,3.8386e-05
4.3600e+03,3.8132e-05
4.3700e+03,3.7897e-05
4.3800e+03,3.7669e-05
4.3900e+03,3.7430e-05
4.4000e+03,3.7157e-05
4.4100e+03,3.6830e-05
4.4200e+03,3.6440e-05
4.4300e+03,3.5991e-05
4.4400e+03,3.5506e-05
4.4500e+03,3.5018e-05
4.4600e+03,3.4567e-05
4.4700e+03,3.4193e-05
4.4800e+03,3.3931e-05
4.4900e+03,3.3807e-05
4.5000e+03,3.3827e-05
4.5100e+03,3.3980e-05
4.5200e+03,3.4239e-05
4.5300e+03,3.4566e-05
4.5400e+03,3.4919e-05
4.5500e+03,3.5261e-05
4.5600e+03,3.5563e-05
4.5700e+03,3.5811e-05
4.5800e+03,3.6004e-05
4.5900e+03,3.6150e-05
4.6000e+03,3.6264e-05
4.6100e+03,3.6360e-05
4.6200e+03,3.6447e-05
4.6300e+03,3.6524e-05
4.6400e+03,3.6585e-05
4.6500e+03,3.6622e-05
4.6600e+03,3.6624e-05
4.6700e+03,3.6588e-05
4.6800e+03,3.6514e-05
4.6900e+03,3.6413e-05
4.7000e+03,3.6302e-05
4.7100e+03,3.6205e-05
4.7200e+03,3.6140e-05
4.7300e+03,3.6114e-05
4.7400e+03,3.6124e-05
4.7500e+03,3.6155e-05
4.7600e+03,3.6188e-05
4.7700e+03,3.6205e-05
4.7800e+03,3.6185e-05
4.7900e+03,3.6113e-05
4.8000e+03,3.5980e-05
4.8100e+03,3.5784e-05
4.8200e+03,3.5532e-05
4.8300e+03,3.5242e-05
4.8400e+03,3.4938e-05
4.8500e+03,3.4638e-05
4.8600e+03,3.4353e-05
4.8700e+03,3.4084e-05
4.8800e+03,3.3833e-05
4.8900e+03,3.3606e-05
4.9000e+03,3.3409e-05
4.9100e+03,3.3253e-05
4.9200e+03,3.3139e-05
4.9300e+03,3.3064e-05
4.9400e+03,3.3017e-05
4.9500e+03,3.2988e-05
4.9600e+03,3.2969e-05
4.9700e+03,3.2956e-05
4.9800e+03,3.2951e-05
4.9900e+03,3.2965e-05
5.0000e+03,3.3006e-05
5.0100e+03,3.3085e-05
5.0200e+03,3.3198e-05
5.0300e+03,3.3334e-05
5.0400e+03,3.3466e-05
5.0500e+03,3.3560e-05
5.0600e+03,3.3579e-05
5.0700e+03,3.3493e-05
5.0800e+03,3.3286e-05
5.0900e+03,3.2951e-05
5.1000e+03,3.2491e-05
5.1100e+03,3.1906e-05
5.1200e+03,3.1202e-05
5.1300e+03,3.0393e-05
5.1400e+03,2.9504e-05
5.1500e+03,2.8578e-05
5.1600e+03,2.7661e-05
5.1700e+03,2.6798e-05
5.1800e+03,2.6028e-05
5.1900e+03,2.5387e-05
5.2000e+03,2.4918e-05
5.2100e+03,2.4666e-05
5.2200e+03,2.4667e-05
5.2300e+03,2.4930e-05
5.2400e+03,2.5430e-05
5.2500e+03,2.6118e-05
5.2600e+03,2.6937e-05
5.2700e+03,2.7835e-05
5.2800e+03,2.8761e-05
5.2900e+03,2.9664e-05
5.3000e+03,3.0487e-05
5.3100e+03,3.1168e-05
5.3200e+03,3.1661e-05
5.3300e+03,3.1944e-05
5.3400e+03,3.2035e-05
5.3500e+03,3.1983e-05
5.3600e+03,3.1866e-05
5.3700e+03,3.1770e-05
5.3800e+03,3.1778e-05
5.3900e+03,3.1950e-05
5.4000e+03,3.2311e-05
5.4100e+03,3.2840e-05
5.4200e+03,3.3480e-05
5.4300e+03,3.4157e-05
5.4400e+03,3.4796e-05
5.4500e+03,3.5342e-05
5.4600e+03,3.5763e-05
5.4700e+03,3.6044e-05
5.4800e+03,3.6180e-05
5.4900e+03,3.6172e-05
5.5000e+03,3.6026e-05
5.5100e+03,3.5754e-05
5.5200e+03,3.5374e-05
5.5300e+03,3.4916e-05
5.5400e+03,3.4411e-05
5.5500e+03,3.3889e-05
5.5600e+03,3.3368e-05
5.5700e+03,3.2855e-05
5.5800e+03,3.2349e-05
5.5900e+03,3.1855e-05
5.6000e+03,3.1385e-05
5.6100e+03,3.0958e-05
5.6200e+03,3.0594e-05
5.6300e+03,3.0307e-05
5.6400e+03,3.0103e-05
5.6500e+03,2.9976e-05
5.6600e+03,2.9920e-05
5.6700e+03,2.9930e-05
5.6800e+03,3.0008e-05
5.6900e+03,3.0152e-05
5.7000e+03,3.0358e-05
5.7100e+03,3.0614e-05
5.7200e+03,3.0907e-05
5.7300e+03,3.1226e-05
5.7400e+03,3.1565e-05
5.7500e+03,3.1923e-05
5.7600e+03,3.2303e-05
5.7700e+03,3.2708e-05
5.7800e+03,3.3137e-05
5.7900e+03,3.3581e-05
5.8000e+03,3.4016e-05
5.8100e+03,3.4406e-05
5.8200e+03,3.4706e-05
5.8300e+03,3.4884e-05
5.8400e+03,3.4927e-05
5.8500e+03,3.4844e-05
5.8600e+03,3.4659e-05
5.8700e+03,3.4398e-05
5.8800e+03,3.4086e-05
5.8900e+03,3.3745e-05
5.9000e+03,3.3392e-05
5.9100e+03,3.3046e-05
5.9200e+03,3.2726e-05
5.9300e+03,3.2442e-05
5.9400e+03,3.2203e-05
5.9500e+03,3.2008e-05
5.9600e+03,3.1854e-05
5.9700e+03,3.1734e-05
5.9800e+03,3.1640e-05
5.9900e+03,3.1567e-05
6.0000e+03,3.1515e-05
6.0100e+03,3.1486e-05
6.0200e+03,3.1486e-05
6.0300e+03,3.1519e-05
6.0400e+03,3.1592e-05
6.0500e+03,3.1706e-05
6.0600e+03,3.1857e-05
6.0700e+03,3.2040e-05
6.0800e+03,3.2250e-05
6.0900e+03,3.2482e-05
6.1000e+03,3.2733e-05
6.1100e+03,3.3000e-05
6.1200e+03,3.3278e-05
6.1300e+03,3.3554e-05
6.1400e+03,3.3813e-05
6.1500e+03,3.4042e-05
6.1600e+03,3.4229e-05
6.1700e+03,3.4369e-05
6.1800e+03,3.4459e-05
6.1900e+03,3.4502e-05
6.2000e+03,3.4504e-05
6.2100e+03,3.4474e-05
6.2200e+03,3.4415e-05
6.2300e+03,3.4330e-05
6.2400e+03,3.4212e-05
6.2500e+03,3.4056e-05
6.2600e+03,3.3861e-05
6.2700e+03,3.3638e-05
6.2800e+03,3.3404e-05
6.2900e+03,3.3184e-05
6.3000e+03,3.2997e-05
6.3100e+03,3.2858e-05
6.3200e+03,3.2764e-05
6.3300e+03,3.2704e-05
6.3400e+03,3.2656e-05
6.3500e+03,3.2597e-05
6.3600e+03,3.2512e-05
6.3700e+03,3.2393e-05
6.3800e+03,3.2242e-05
6.3900e+03,3.2066e-05
6.4000e+03,3.1876e-05
6.4100e+03,3.1685e-05
6.4200e+03,3.1509e-05
6.4300e+03,3.1360e-05
6.4400e+03,3.1249e-05
6.4500e+03,3.1179e-05
6.4600e+03,3.1146e-05
6.4700e+03,3.1139e-05
6.4800e+03,3.1146e-05
6.4900e+03,3.1151e-05
6.5000e+03,3.1140e-05
6.5100e+03,3.1101e-05
6.5200e+03,3.1022e-05
6.5300e+03,3.0891e-05
6.5400e+03,3.0701e-05
6.5500e+03,3.0445e-05
6.5600e+03,3.0123e-05
6.5700e+03,2.9739e-05
6.5800e+03,2.9308e-05
6.5900e+03,2.8851e-05
6.6000e+03,2.8396e-05
6.6100e+03,2.7967e-05
6.6200e+03,2.7578e-05
6.6300e+03,2.7229e-05
6.6400e+03,2.6913e-05
6.6500e+03,2.6629e-05
6.6600e+03,2.6379e-05
6.6700e+03,2.6169e-05
6.6800e+03,2.6005e-05
6.6900e+03,2.5889e-05
6.7000e+03,2.5819e-05
6.7100e+03,2.5787e-05
6.7200e+03,2.5782e-05
6.7300e+03,2.5791e-05
6.7400e+03,2.5800e-05
6.7500e+03,2.5800e-05
6.7600e+03,2.5780e-05
6.7700e+03,2.5734e-05
6.7800e+03,2.5657e-05
6.7900e+03,2.5551e-05
6.8000e+03,2.5420e-05
6.8100e+03,2.5270e-05
6.8200e+03,2.5108e-05
6.8300e+03,2.4941e-05
6.8400e+03,2.4771e-05
6.8500e+03,2.4600e-05
6.8600e+03,2.4433e-05
6.8700e+03,2.4274e-05
6.8800e+03,2.4126e-05
6.8900e+03,2.3984e-05
6.9000e+03,2.3847e-05
6.9100e+03,2.3712e-05
6.9200e+03,2.3584e-05
6.9300e+03,2.3475e-05
6.9400e+03,2.3397e-05
6.9500e+03,2.3358e-05
6.9600e+03,2.3362e-05
6.9700e+03,2.3404e-05
6.9800e+03,2.3476e-05
6.9900e+03,2.3575e-05
7.0000e+03,2.3701e-05
7.0100e+03,2.3865e-05
7.0200e+03,2.4071e-05
7.0300e+03,2.4321e-05
7.0400e+03,2.4602e-05
7.0500e+03,2.4898e-05
7.0600e+03,2.5184e-05
7.0700e+03,2.5444e-05
7.0800e+03,2.5671e-05
7.0900e+03,2.5868e-05
7.1000e+03,2.6046e-05
7.1100e+03,2.6212e-05
7.1200e+03,2.6372e-05
7.1300e+03,2.6521e-05
7.1400e+03,2.6657e-05
7.1500e+03,2.6773e-05
7.1600e+03,2.6868e-05
7.1700e+03,2.6948e-05
7.1800e+03,2.7022e-05
7.1900e+03,2.7097e-05
7.2000e+03,2.7176e-05
7.2100e+03,2.7256e-05
7.2200e+03,2.7340e-05
7.2300e+03,2.7429e-05
7.2400e+03,2.7528e-05
7.2500e+03,2.7637e-05
7.2600e+03,2.7755e-05
7.2700e+03,2.7876e-05
7.2800e+03,2.7990e-05
7.2900e+03,2.8084e-05
7.3000e+03,2.8145e-05
7.3100e+03,2.8165e-05
7.3200e+03,2.8144e-05
7.3300e+03,2.8084e-05
7.3400e+03,2.7991e-05
7.3500e+03,2.7870e-05
7.3600e+03,2.7726e-05
7.3700e+03,2.7561e-05
7.3800e+03,2.7378e-05
7.3900e+03,2.7175e-05
7.4000e+03,2.6951e-05
7.4100e+03,2.6704e-05
7.4200e+03,2.6438e-05
7.4300e+03,2.6157e-05
7.4400e+03,2.5869e-05
7.4500e+03,2.5580e-05
7.4600e+03,2.5296e-05
7.4700e+03,2.5017e-05
7.4800e+03,2.4743e-05
7.4900e+03,2.4475e-05
7.5000e+03,2.4217e-05
7.5100e+03,2.3975e-05
7.5200e+03,2.3763e-05
7.5300e+03,2.3604e-05
7.5400e+03,2.3528e-05
7.5500e+03,2.3559e-05
7.5600e+03,2.3697e-05
7.5700e+03,2.3912e-05
7.5800e+03,2.4145e-05
7.5900e+03,2.4335e-05
7.6000e+03,2.4433e-05
7.6100e+03,2.4413e-05
7.6200e+03,2.4280e-05
7.6300e+03,2.4057e-05
7.6400e+03,2.3774e-05
7.6500e+03,2.3466e-05
7.6600e+03,2.3177e-05
7.6700e+03,2.2963e-05
7.6800e+03,2.2882e-05
7.6900e+03,2.2976e-05
7.7000e+03,2.3242e-05
7.7100e+03,2.3631e-05
7.7200e+03,2.4060e-05
7.7300e+03,2.4447e-05
7.7400e+03,2.4730e-05
7.7500e+03,2.4888e-05
7.7600e+03,2.4930e-05
7.7700e+03,2.4896e-05
7.7800e+03,2.4834e-05
7.7900e+03,2.4785e-05
7.8000e+03,2.4769e-05
7.8100e+03,2.4782e-05
7.8200e+03,2.4805e-05
7.8300e+03,2.4815e-05
7.8400e+03,2.4795e-05
7.8500e+03,2.4735e-05
7.8600e+03,2.4641e-05
7.8700e+03,2.4525e-05
7.8800e+03,2.4408e-05
7.8900e+03,2.4316e-05
7.9000e+03,2.4268e-05
7.9100e+03,2.4277e-05
7.9200e+03,2.4344e-05
7.9300e+03,2.4462e-05
7.9400e+03,2.4621e-05
7.9500e+03,2.4803e-05
7.9600e+03,2.4990e-05
7.9700e+03,2.5159e-05
7.9800e+03,2.5287e-05
7.9900e+03,2.5363e-05
8.0000e+03,2.5386e-05
8.0100e+03,2.5365e-05
8.0200e+03,2.5316e-05
8.0300e+03,2.5257e-05
8.0400e+03,2.5200e-05
8.0500e+03,2.5151e-05
8.0600e+03,2.5112e-05
8.0700e+03,2.5084e-05
8.0800e+03,2.5065e-05
8.0900e+03,2.5054e-05
8.1000e+03,2.5051e-05
8.1100e+03,2.5060e-05
8.1200e+03,2.5085e-05
8.1300e+03,2.5132e-05
8.1400e+03,2.5206e-05
8.1500e+03,2.5310e-05
8.1600e+03,2.5443e-05
8.1700e+03,2.5598e-05
8.1800e+03,2.5767e-05
8.1900e+03,2.5939e-05
8.2000e+03,2.6100e-05
8.2100e+03,2.6239e-05
8.2200e+03,2.6342e-05
8.2300e+03,2.6397e-05
8.2400e+03,2.6389e-05
8.2500e+03,2.6308e-05
8.2600e+03,2.6152e-05
8.2700e+03,2.5926e-05
8.2800e+03,2.5645e-05
8.2900e+03,2.5330e-05
8.3000e+03,2.5004e-05
8.3100e+03,2.4684e-05
8.3200e+03,2.4381e-05
8.3300e+03,2.4100e-05
8.3400e+03,2.3847e-05
8.3500e+03,2.3627e-05
8.3600e+03,2.3441e-05
8.3700e+03,2.3285e-05
8.3800e+03,2.3145e-05
8.3900e+03,2.3003e-05
8.4000e+03,2.2839e-05
8.4100e+03,2.2648e-05
8.4200e+03,2.2435e-05
8.4300e+03,2.2222e-05
8.4400e+03,2.2035e-05
8.4500e+03,2.1902e-05
8.4600e+03,2.1840e-05
8.4700e+03,2.1858e-05
8.4800e+03,2.1951e-05
8.4900e+03,2.2110e-05
8.5000e+03,2.2317e-05
8.5100e+03,2.2551e-05
8.5200e+03,2.2793e-05
8.5300e+03,2.3025e-05
8.5400e+03,2.3233e-05
8.5500e+03,2.3408e-05
8.5600e+03,2.3543e-05
8.5700e+03,2.3633e-05
8.5800e+03,2.3676e-05
8.5900e+03,2.3673e-05
8.6000e+03,2.3628e-05
8.6100e+03,2.3548e-05
8.6200e+03,2.3432e-05
8.6300e+03,2.3277e-05
8.6400e+03,2.3074e-05
8.6500e+03,2.2816e-05
8.6600e+03,2.2502e-05
8.6700e+03,2.2144e-05
8.6800e+03,2.1767e-05
8.6900e+03,2.1408e-05
8.7000e+03,2.1100e-05
8.7100e+03,2.0873e-05
8.7200e+03,2.0742e-05
8.7300e+03,2.0710e-05
8.7400e+03,2.0769e-05
8.7500e+03,2.0897e-05
8.7600e+03,2.1058e-05
8.7700e+03,2.1204e-05
8.7800e+03,2.1278e-05
8.7900e+03,2.1225e-05
8.8000e+03,2.1004e-05
8.8100e+03,2.0608e-05
8.8200e+03,2.0064e-05
8.8300e+03,1.9429e-05
8.8400e+03,1.8767e-05
8.8500e+03,1.8134e-05
8.8600e+03,1.7571e-05
8.8700e+03,1.7108e-05
8.8800e+03,1.6771e-05
8.8900e+03,1.6581e-05
8.9000e+03,1.6550e-05
8.9100e+03,1.6670e-05
8.9200e+03,1.6910e-05
8.9300e+03,1.7231e-05
8.9400e+03,1.7591e-05
8.9500e+03,1.7953e-05
8.9600e+03,1.8294e-05
8.9700e+03,1.8600e-05
8.9800e+03,1.8869e-05
8.9900e+03,1.9098e-05
9.0000e+03,1.9282e-05
9.0100e+03,1.9419e-05
9.0200e+03,1.9516e-05
9.0300e+03,1.9587e-05
9.0400e+03,1.9649e-05
9.0500e+03,1.9715e-05
9.0600e+03,1.9790e-05
9.0700e+03,1.9877e-05
9.0800e+03,1.9974e-05
9.0900e+03,2.0075e-05
9.1000e+03,2.0170e-05
9.1100e+03,2.0243e-05
9.1200e+03,2.0274e-05
9.1300e+03,2.0238e-05
9.1400e+03,2.0116e-05
9.1500e+03,1.9900e-05
9.1600e+03,1.9594e-05
9.1700e+03,1.9220e-05
9.1800e+03,1.8821e-05
9.1900e+03,1.8447e-05
9.2000e+03,1.8151e-05
9.2100e+03,1.7966e-05
9.2200e+03,1.7898e-05
9.2300e+03,1.7925e-05
9.2400e+03,1.8009e-05
9.2500e+03,1.8112e-05
9.2600e+03,1.8213e-05
9.2700e+03,1.8305e-05
9.2800e+03,1.8395e-05
9.2900e+03,1.8490e-05
9.3000e+03,1.8593e-05
9.3100e+03,1.8698e-05
9.3200e+03,1.8793e-05
9.3300e+03,1.8862e-05
9.3400e+03,1.8894e-05
9.3500e+03,1.8881e-05
9.3600e+03,1.8821e-05
9.3700e+03,1.8720e-05
9.3800e+03,1.8584e-05
9.3900e+03,1.8418e-05
9.4000e+03,1.8227e-05
9.4100e+03,1.8019e-05
9.4200e+03,1.7802e-05
9.4300e+03,1.7588e-05
9.4400e+03,1.7388e-05
9.4500e+03,1.7211e-05
9.4600e+03,1.7064e-05
9.4700e+03,1.6953e-05
9.4800e+03,1.6879e-05
9.4900e+03,1.6844e-05
9.5000e+03,1.6842e-05
9.5100e+03,1.6866e-05
9.5200e+03,1.6907e-05
9.5300e+03,1.6951e-05
9.5400e+03,1.6990e-05
9.5500e+03,1.7016e-05
9.5600e+03,1.7028e-05
9.5700e+03,1.7030e-05
9.5800e+03,1.7030e-05
9.5900e+03,1.7037e-05
9.6000e+03,1.7059e-05
9.6100e+03,1.7102e-05
9.6200e+03,1.7167e-05
9.6300e+03,1.7250e-05
9.6400e+03,1.7348e-05
9.6500e+03,1.7457e-05
9.6600e+03,1.7573e-05
9.6700e+03,1.7687e-05
9.6800e+03,1.7787e-05
9.6900e+03,1.7858e-05
9.7000e+03,1.7889e-05
9.7100e+03,1.7873e-05
9.7200e+03,1.7812e-05
9.7300e+03,1.7719e-05
9.7400e+03,1.7613e-05
9.7500e+03,1.7519e-05
9.7600e+03,1.7460e-05
9.7700e+03,1.7453e-05
9.7800e+03,1.7504e-05
9.7900e+03,1.7603e-05
9.8000e+03,1.7723e-05
9.8100e+03,1.7823e-05
9.8200e+03,1.7859e-05
9.8300e+03,1.7795e-05
9.8400e+03,1.7613e-05
9.8500e+03,1.7315e-05
9.8600e+03,1.6920e-05
9.8700e+03,1.6464e-05
9.8800e+03,1.5987e-05
9.8900e+03,1.5534e-05
9.9000e+03,1.5141e-05
9.9100e+03,1.4833e-05
9.9200e+03,1.4618e-05
9.9300e+03,1.4493e-05
9.9400e+03,1.4446e-05
9.9500e+03,1.4471e-05
9.9600e+03,1.4567e-05
9.9700e+03,1.4733e-05
9.9800e+03,1.4963e-05
9.9900e+03,1.5238e-05
1.0000e+04,1.5532e-05
