# Time , Side-Flux
0.0000e+00,0.0000e+00
1.0000e+01,1.2696e-08
2.0000e+01,2.5358e-08
3.0000e+01,3.7951e-08
4.0000e+01,5.0442e-08
5.0000e+01,6.2800e-08
6.0000e+01,7.4993e-08
7.0000e+01,8.6993e-08
8.0000e+01,9.8773e-08
9.0000e+01,1.1031e-07
1.0000e+02,1.2158e-07
1.1000e+02,1.3256e-07
1.2000e+02,1.4325e-07
1.3000e+02,1.5361e-07
1.4000e+02,1.6366e-07
1.5000e+02,1.7336e-07
1.6000e+02,1.8272e-07
1.7000e+02,1.9174e-07
1.8000e+02,2.0041e-07
1.9000e+02,2.0874e-07
2.0000e+02,2.1672e-07
2.1000e+02,2.2436e-07
2.2000e+02,2.3167e-07
2.3000e+02,2.3865e-07
2.4000e+02,2.4530e-07
2.5000e+02,2.5165e-07
2.6000e+02,2.5770e-07
2.7000e+02,2.6345e-07
2.8000e+02,2.6892e-07
2.9000e+02,2.7412e-07
3.0000e+02,2.7906e-07
3.1000e+02,2.8376e-07
3.2000e+02,2.8821e-07
3.3000e+02,2.9244e-07
3.4000e+02,2.9646e-07
3.5000e+02,3.0027e-07
3.6000e+02,3.0388e-07
3.7000e+02,3.0731e-07
3.8000e+02,3.1057e-07
3.9000e+02,3.1367e-07
4.0000e+02,3.1660e-07
4.1000e+02,3.1939e-07
4.2000e+02,3.2205e-07
4.3000e+02,3.2457e-07
4.4000e+02,3.2698e-07
4.5000e+02,3.2926e-07
4.6000e+02,3.3145e-07
4.7000e+02,3.3353e-07
4.8000e+02,3.3552e-07
4.9000e+02,3.3742e-07
5.0000e+02,3.3923e-07
5.1000e+02,3.4098e-07
5.2000e+02,3.4265e-07
5.3000e+02,3.4425e-07
5.4000e+02,3.4579e-07
5.5000e+02,3.4728e-07
5.6000e+02,3.4871e-07
5.7000e+02,3.5009e-07
5.8000e+02,3.5142e-07
5.9000e+02,3.5271e-07
6.0000e+02,3.5396e-07
6.1000e+02,3.5517e-07
6.2000e+02,3.5635e-07
6.3000e+02,3.5749e-07
6.4000e+02,3.5861e-07
6.5000e+02,3.5969e-07
6.6000e+02,3.6075e-07
6.7000e+02,3.6178e-07
6.8000e+02,3.6278e-07
6.9000e+02,3.6377e-07
7.0000e+02,3.6473e-07
7.1000e+02,3.6567e-07
7.2000e+02,3.6658e-07
7.3000e+02,3.6748e-07
7.4000e+02,3.6835e-07
7.5000e+02,3.6921e-07
7.6000e+02,3.7004e-07
7.7000e+02,3.7085e-07
7.8000e+02,3.7165e-07
7.9000e+02,3.7242e-07
8.0000e+02,3.7317e-07
8.1000e+02,3.7389e-07
8.2000e+02,3.7460e-07
8.3000e+02,3.7528e-07
8.4000e+02,3.7595e-07
8.5000e+02,3.7659e-07
8.6000e+02,3.7721e-07
8.7000e+02,3.7781e-07
8.8000e+02,3.7839e-07
8.9000e+02,3.7895e-07
9.0000e+02,3.7949e-07
9.1000e+02,3.8002e-07
9.2000e+02,3.8054e-07
9.3000e+02,3.8104e-07
9.4000e+02,3.8154e-07
9.5000e+02,3.8202e-07
9.6000e+02,3.8250e-07
9.7000e+02,3.8298e-07
9.8000e+02,3.8346e-07
9.9000e+02,3.8395e-07
1.0000e+03,3.8444e-07
1.0100e+03,3.8493e-07
1.0200e+03,3.8544e-07
1.0300e+03,3.8596e-07
1.0400e+03,3.8649e-07
1.0500e+03,3.8704e-07
1.0600e+03,3.8761e-07
1.0700e+03,3.8820e-07
1.0800e+03,3.8880e-07
1.0900e+03,3.8942e-07
1.1000e+03,3.9006e-07
1.1100e+03,3.9072e-07
1.1200e+03,3.9139e-07
1.1300e+03,3.9208e-07
1.1400e+03,3.9279e-07
1.1500e+03,3.9350e-07
1.1600e+03,3.9423e-07
1.1700e+03,3.9496e-07
1.1800e+03,3.9570e-07
1.1900e+03,3.9644e-07
1.2000e+03,3.9718e-07
1.2100e+03,3.9792e-07
1.2200e+03,3.9865e-07
1.2300e+03,3.9937e-07
1.2400e+03,4.0008e-07
1.2500e+03,4.0077e-07
1.2600e+03,4.0144e-07
1.2700e+03,4.0209e-07
1.2800e+03,4.0272e-07
1.2900e+03,4.0333e-07
1.3000e+03,4.0390e-07
1.3100e+03,4.0445e-07
1.3200e+03,4.0497e-07
1.3300e+03,4.0545e-07
1.3400e+03,4.0590e-07
1.3500e+03,4.0632e-07
1.3600e+03,4.0670e-07
1.3700e+03,4.0704e-07
1.3800e+03,4.0735e-07
1.3900e+03,4.0763e-07
1.4000e+03,4.0787e-07
1.4100e+03,4.0807e-07
1.4200e+03,4.0824e-07
1.4300e+03,4.0837e-07
1.4400e+03,4.0847e-07
1.4500e+03,4.0854e-07
1.4600e+03,4.0858e-07
1.4700e+03,4.0858e-07
1.4800e+03,4.0855e-07
1.4900e+03,4.0850e-07
1.5000e+03,4.0841e-07
1.5100e+03,4.0830e-07
1.5200e+03,4.0817e-07
1.5300e+03,4.0800e-07
1.5400e+03,4.0781e-07
1.5500e+03,4.0760e-07
1.5600e+03,4.0737e-07
1.5700e+03,4.0711e-07
1.5800e+03,4.0684e-07
1.5900e+03,4.0654e-07
1.6000e+03,4.0623e-07
1.6100e+03,4.0590e-07
1.6200e+03,4.0555e-07
1.6300e+03,4.0519e-07
1.6400e+03,4.0481e-07
1.6500e+03,4.0442e-07
1.6600e+03,4.0402e-07
1.6700e+03,4.0360e-07
1.6800e+03,4.0318e-07
1.6900e+03,4.0275e-07
1.7000e+03,4.0231e-07
1.7100e+03,4.0186e-07
1.7200e+03,4.0141e-07
1.7300e+03,4.0095e-07
1.7400e+03,4.0050e-07
1.7500e+03,4.0004e-07
1.7600e+03,3.9958e-07
1.7700e+03,3.9912e-07
1.7800e+03,3.9866e-07
1.7900e+03,3.9820e-07
1.8000e+03,3.9775e-07
1.8100e+03,3.9730e-07
1.8200e+03,3.9686e-07
1.8300e+03,3.9642e-07
1.8400e+03,3.9599e-07
1.8500e+03,3.9557e-07
1.8600e+03,3.9515e-07
1.8700e+03,3.9475e-07
1.8800e+03,3.9435e-07
1.8900e+03,3.9395e-07
1.9000e+03,3.9357e-07
1.9100e+03,3.9319e-07
1.9200e+03,3.9282e-07
1.9300e+03,3.9247e-07
1.9400e+03,3.9211e-07
1.9500e+03,3.9177e-07
1.9600e+03,3.9144e-07
1.9700e+03,3.9111e-07
1.9800e+03,3.9080e-07
1.9900e+03,3.9049e-07
2.0000e+03,3.9019e-07
2.0100e+03,3.8990e-07
2.0200e+03,3.8962e-07
2.0300e+03,3.8936e-07
2.0400e+03,3.8910e-07
2.0500e+03,3.8885e-07
2.0600e+03,3.8862e-07
2.0700e+03,3.8841e-07
2.0800e+03,3.8820e-07
2.0900e+03,3.8801e-07
2.1000e+03,3.8784e-07
2.1100e+03,3.8769e-07
2.1200e+03,3.8755e-07
2.1300e+03,3.8743e-07
2.1400e+03,3.8734e-07
2.1500e+03,3.8726e-07
2.1600e+03,3.8721e-07
2.1700e+03,3.8718e-07
2.1800e+03,3.8717e-07
2.1900e+03,3.8718e-07
2.2000e+03,3.8721e-07
2.2100e+03,3.8727e-07
2.2200e+03,3.8736e-07
2.2300e+03,3.8746e-07
2.2400e+03,3.8759e-07
2.2500e+03,3.8773e-07
2.2600e+03,3.8790e-07
2.2700e+03,3.8809e-07
2.2800e+03,3.8829e-07
2.2900e+03,3.8852e-07
2.3000e+03,3.8876e-07
2.3100e+03,3.8901e-07
2.3200e+03,3.8927e-07
2.3300e+03,3.8955e-07
2.3400e+03,3.8983e-07
2.3500e+03,3.9013e-07
2.3600e+03,3.9043e-07
2.3700e+03,3.9073e-07
2.3800e+03,3.9104e-07
2.3900e+03,3.9135e-07
2.4000e+03,3.9166e-07
2.4100e+03,3.9197e-07
2.4200e+03,3.9228e-07
2.4300e+03,3.9258e-07
2.4400e+03,3.9288e-07
2.4500e+03,3.9318e-07
2.4600e+03,3.9346e-07
2.4700e+03,3.9374e-07
2.4800e+03,3.9402e-07
2.4900e+03,3.9428e-07
2.5000e+03,3.9454e-07
2.5100e+03,3.9479e-07
2.5200e+03,3.9502e-07
2.5300e+03,3.9525e-07
2.5400e+03,3.9547e-07
2.5500e+03,3.9568e-07
2.5600e+03,3.9588e-07
2.5700e+03,3.9607e-07
2.5800e+03,3.9625e-07
2.5900e+03,3.9642e-07
2.6000e+03,3.9658e-07
2.6100e+03,3.9674e-07
2.6200e+03,3.9688e-07
2.6300e+03,3.9702e-07
2.6400e+03,3.9715e-07
2.6500e+03,3.9728e-07
2.6600e+03,3.9740e-07
2.6700e+03,3.9751e-07
2.6800e+03,3.9762e-07
2.6900e+03,3.9772e-07
2.7000e+03,3.9783e-07
2.7100e+03,3.9792e-07
2.7200e+03,3.9802e-07
2.7300e+03,3.9811e-07
2.7400e+03,3.9821e-07
2.7500e+03,3.9830e-07
2.7600e+03,3.9840e-07
2.7700e+03,3.9849e-07
2.7800e+03,3.9859e-07
2.7900e+03,3.9869e-07
2.8000e+03,3.9879e-07
2.8100e+03,3.9890e-07
2.8200e+03,3.9901e-07
2.8300e+03,3.9913e-07
2.8400e+03,3.9925e-07
2.8500e+03,3.9938e-07
2.8600e+03,3.9952e-07
2.8700e+03,3.9967e-07
2.8800e+03,3.9982e-07
2.8900e+03,3.9998e-07
2.9000e+03,4.0015e-07
2.9100e+03,4.0033e-07
2.9200e+03,4.0052e-07
2.9300e+03,4.0072e-07
2.9400e+03,4.0093e-07
2.9500e+03,4.0115e-07
2.9600e+03,4.0138e-07
2.9700e+03,4.0162e-07
2.9800e+03,4.0187e-07
2.9900e+03,4.0214e-07
3.0000e+03,4.0241e-07
3.0100e+03,4.0269e-07
3.0200e+03,4.0298e-07
3.0300e+03,4.0328e-07
3.0400e+03,4.0358e-07
3.0500e+03,4.0390e-07
3.0600e+03,4.0422e-07
3.0700e+03,4.0454e-07
3.0800e+03,4.0488e-07
3.0900e+03,4.0521e-07
3.1000e+03,4.0556e-07
3.1100e+03,4.0590e-07
3.1200e+03,4.0625e-07
3.1300e+03,4.0660e-07
3.1400e+03,4.0695e-07
3.1500e+03,4.0730e-07
3.1600e+03,4.0765e-07
3.1700e+03,4.0799e-07
3.1800e+03,4.0834e-07
3.1900e+03,4.0868e-07
3.2000e+03,4.0902e-07
3.2100e+03,4.0936e-07
3.2200e+03,4.0969e-07
3.2300e+03,4.1002e-07
3.2400e+03,4.1034e-07
3.2500e+03,4.1066e-07
3.2600e+03,4.1097e-07
3.2700e+03,4.1128e-07
3.2800e+03,4.1158e-07
3.2900e+03,4.1187e-07
3.3000e+03,4.1216e-07
3.3100e+03,4.1244e-07
3.3200e+03,4.1272e-07
3.3300e+03,4.1299e-07
3.3400e+03,4.1325e-07
3.3500e+03,4.1351e-07
3.3600e+03,4.1376e-07
3.3700e+03,4.1400e-07
3.3800e+03,4.1423e-07
3.3900e+03,4.1446e-07
3.4000e+03,4.1468e-07
3.4100e+03,4.1489e-07
3.4200e+03,4.1510e-07
3.4300e+03,4.1529e-07
3.4400e+03,4.1548e-07
3.4500e+03,4.1566e-07
3.4600e+03,4.1584e-07
3.4700e+03,4.1600e-07
3.4800e+03,4.1615e-07
3.4900e+03,4.1630e-07
3.5000e+03,4.1644e-07
3.5100e+03,4.1656e-07
3.5200e+03,4.1668e-07
3.5300e+03,4.1679e-07
3.5400e+03,4.1689e-07
3.5500e+03,4.1697e-07
3.5600e+03,4.1705e-07
3.5700e+03,4.1712e-07
3.5800e+03,4.1718e-07
3.5900e+03,4.1723e-07
3.6000e+03,4.1727e-07
3.6100e+03,4.1730e-07
3.6200e+03,4.1731e-07
3.6300e+03,4.1732e-07
3.6400e+03,4.1732e-07
3.6500e+03,4.1731e-07
3.6600e+03,4.1729e-07
3.6700e+03,4.1726e-07
3.6800e+03,4.1723e-07
3.6900e+03,4.1718e-07
3.7000e+03,4.1712e-07
3.7100e+03,4.1706e-07
3.7200e+03,4.1699e-07
3.7300e+03,4.1691e-07
3.7400e+03,4.1682e-07
3.7500e+03,4.1673e-07
3.7600e+03,4.1663e-07
3.7700e+03,4.1652e-07
3.7800e+03,4.1641e-07
3.7900e+03,4.1629e-07
3.8000e+03,4.1617e-07
3.8100e+03,4.1604e-07
3.8200e+03,4.1591e-07
3.8300e+03,4.1578e-07
3.8400e+03,4.1564e-07
3.8500e+03,4.1551e-07
3.8600e+03,4.1537e-07
3.8700e+03,4.1523e-07
3.8800e+03,4.1509e-07
3.8900e+03,4.1495e-07
3.9000e+03,4.1482e-07
3.9100e+03,4.1468e-07
3.9200e+03,4.1455e-07
3.9300e+03,4.1442e-07
3.9400e+03,4.1430e-07
3.9500e+03,4.1418e-07
3.9600e+03,4.1406e-07
3.9700e+03,4.1395e-07
3.9800e+03,4.1384e-07
3.9900e+03,4.1374e-07
4.0000e+03,4.1364e-07
4.0100e+03,4.1355e-07
4.0200e+03,4.1347e-07
4.0300e+03,4.1339e-07
4.0400e+03,4.1332e-07
4.0500e+03,4.1326e-07
4.0600e+03,4.1320e-07
4.0700e+03,4.1315e-07
4.0800e+03,4.1310e-07
4.0900e+03,4.1305e-07
4.1000e+03,4.1302e-07
4.1100e+03,4.1298e-07
4.1200e+03,4.1296e-07
4.1300e+03,4.1293e-07
4.1400e+03,4.1291e-07
4.1500e+03,4.1290e-07
4.1600e+03,4.1288e-07
4.1700e+03,4.1287e-07
4.1800e+03,4.1286e-07
4.1900e+03,4.1286e-07
4.2000e+03,4.1285e-07
4.2100e+03,4.1285e-07
4.2200e+03,4.1285e-07
4.2300e+03,4.1284e-07
4.2400e+03,4.1284e-07
4.2500e+03,4.1284e-07
4.2600e+03,4.1285e-07
4.2700e+03,4.1285e-07
4.2800e+03,4.1285e-07
4.2900e+03,4.1285e-07
4.3000e+03,4.1285e-07
4.3100e+03,4.1285e-07
4.3200e+03,4.1285e-07
4.3300e+03,4.1285e-07
4.3400e+03,4.1285e-07
4.3500e+03,4.1285e-07
4.3600e+03,4.1285e-07
4.3700e+03,4.1286e-07
4.3800e+03,4.1286e-07
4.3900e+03,4.1286e-07
4.4000e+03,4.1286e-07
4.4100e+03,4.1286e-07
4.4200e+03,4.1287e-07
4.4300e+03,4.1287e-07
4.4400e+03,4.1287e-07
4.4500e+03,4.1288e-07
4.4600e+03,4.1288e-07
4.4700e+03,4.1289e-07
4.4800e+03,4.1289e-07
4.4900e+03,4.1290e-07
4.5000e+03,4.1291e-07
4.5100e+03,4.1291e-07
4.5200e+03,4.1292e-07
4.5300e+03,4.1293e-07
4.5400e+03,4.1294e-07
4.5500e+03,4.1295e-07
4.5600e+03,4.1295e-07
4.5700e+03,4.1296e-07
4.5800e+03,4.1297e-07
4.5900e+03,4.1297e-07
4.6000e+03,4.1298e-07
4.6100e+03,4.1298e-07
4.6200e+03,4.1299e-07
4.6300e+03,4.1299e-07
4.6400e+03,4.1299e-07
4.6500e+03,4.1299e-07
4.6600e+03,4.1299e-07
4.6700e+03,4.1299e-07
4.6800e+03,4.1298e-07
4.6900e+03,4.1298e-07
4.7000e+03,4.1297e-07
4.7100e+03,4.1296e-07
4.7200e+03,4.1295e-07
4.7300e+03,4.1294e-07
4.7400e+03,4.1292e-07
4.7500e+03,4.1291e-07
4.7600e+03,4.1289e-07
4.7700e+03,4.1288e-07
4.7800e+03,4.1286e-07
4.7900e+03,4.1284e-07
4.8000e+03,4.1282e-07
4.8100e+03,4.1280e-07
4.8200e+03,4.1278e-07
4.8300e+03,4.1276e-07
4.8400e+03,4.1274e-07
4.8500e+03,4.1272e-07
4.8600e+03,4.1270e-07
4.8700e+03,4.1268e-07
4.8800e+03,4.1266e-07
4.8900e+03,4.1264e-07
4.9000e+03,4.1262e-07
4.9100e+03,4.1261e-07
4.9200e+03,4.1259e-07
4.9300e+03,4.1258e-07
4.9400e+03,4.1257e-07
4.9500e+03,4.1256e-07
4.9600e+03,4.1256e-07
4.9700e+03,4.1255e-07
4.9800e+03,4.1255e-07
4.9900e+03,4.1256e-07
5.0000e+03,4.1256e-07
5.0100e+03,4.1257e-07
5.0200e+03,4.1259e-07
5.0300e+03,4.1261e-07
5.0400e+03,4.1263e-07
5.0500e+03,4.1266e-07
5.0600e+03,4.1269e-07
5.0700e+03,4.1273e-07
5.0800e+03,4.1277e-07
5.0900e+03,4.1282e-07
5.1000e+03,4.1287e-07
5.1100e+03,4.1292e-07
5.1200e+03,4.1298e-07
5.1300e+03,4.1304e-07
5.1400e+03,4.1311e-07
5.1500e+03,4.1317e-07
5.1600e+03,4.1324e-07
5.1700e+03,4.1332e-07
5.1800e+03,4.1339e-07
5.1900e+03,4.1347e-07
5.2000e+03,4.1355e-07
5.2100e+03,4.1363e-07
5.2200e+03,4.1371e-07
5.2300e+03,4.1380e-07
5.2400e+03,4.1389e-07
5.2500e+03,4.1398e-07
5.2600e+03,4.1407e-07
5.2700e+03,4.1416e-07
5.2800e+03,4.1426e-07
5.2900e+03,4.1436e-07
5.3000e+03,4.1446e-07
5.3100e+03,4.1457e-07
5.3200e+03,4.1467e-07
5.3300e+03,4.1478e-07
5.3400e+03,4.1490e-07
5.3500e+03,4.1501e-07
5.3600e+03,4.1513e-07
5.3700e+03,4.1525e-07
5.3800e+03,4.1537e-07
5.3900e+03,4.1549e-07
5.4000e+03,4.1560e-07
5.4100e+03,4.1572e-07
5.4200e+03,4.1584e-07
5.4300e+03,4.1595e-07
5.4400e+03,4.1606e-07
5.4500e+03,4.1617e-07
5.4600e+03,4.1627e-07
5.4700e+03,4.1636e-07
5.4800e+03,4.1645e-07
5.4900e+03,4.1653e-07
5.5000e+03,4.1661e-07
5.5100e+03,4.1668e-07
5.5200e+03,4.1674e-07
5.5300e+03,4.1679e-07
5.5400e+03,4.1684e-07
5.5500e+03,4.1688e-07
5.5600e+03,4.1692e-07
5.5700e+03,4.1694e-07
5.5800e+03,4.1697e-07
5.5900e+03,4.1698e-07
5.6000e+03,4.1699e-07
5.6100e+03,4.1700e-07
5.6200e+03,4.1701e-07
5.6300e+03,4.1701e-07
5.6400e+03,4.1701e-07
5.6500e+03,4.1701e-07
5.6600e+03,4.1700e-07
5.6700e+03,4.1700e-07
5.6800e+03,4.1700e-07
5.6900e+03,4.1699e-07
5.7000e+03,4.1699e-07
5.7100e+03,4.1699e-07
5.7200e+03,4.1699e-07
5.7300e+03,4.1699e-07
5.7400e+03,4.1698e-07
5.7500e+03,4.1698e-07
5.7600e+03,4.1698e-07
5.7700e+03,4.1698e-07
5.7800e+03,4.1697e-07
5.7900e+03,4.1696e-07
5.8000e+03,4.1695e-07
5.8100e+03,4.1693e-07
5.8200e+03,4.1691e-07
5.8300e+03,4.1688e-07
5.8400e+03,4.1685e-07
5.8500e+03,4.1681e-07
5.8600e+03,4.1676e-07
5.8700e+03,4.1670e-07
5.8800e+03,4.1663e-07
5.8900e+03,4.1656e-07
5.9000e+03,4.1647e-07
5.9100e+03,4.1638e-07
5.9200e+03,4.1628e-07
5.9300e+03,4.1618e-07
5.9400e+03,4.1606e-07
5.9500e+03,4.1594e-07
5.9600e+03,4.1582e-07
5.9700e+03,4.1570e-07
5.9800e+03,4.1557e-07
5.9900e+03,4.1544e-07
6.0000e+03,4.1532e-07
6.0100e+03,4.1520e-07
6.0200e+03,4.1508e-07
6.0300e+03,4.1497e-07
6.0400e+03,4.1486e-07
6.0500e+03,4.1477e-07
6.0600e+03,4.1468e-07
6.0700e+03,4.1460e-07
6.0800e+03,4.1454e-07
6.0900e+03,4.1448e-07
6.1000e+03,4.1443e-07
6.1100e+03,4.1439e-07
6.1200e+03,4.1436e-07
6.1300e+03,4.1434e-07
6.1400e+03,4.1433e-07
6.1500e+03,4.1432e-07
6.1600e+03,4.1432e-07
6.1700e+03,4.1431e-07
6.1800e+03,4.1431e-07
6.1900e+03,4.1431e-07
6.2000e+03,4.1430e-07
6.2100e+03,4.1430e-07
6.2200e+03,4.1428e-07
6.2300e+03,4.1426e-07
6.2400e+03,4.1423e-07
6.2500e+03,4.1419e-07
6.2600e+03,4.1414e-07
6.2700e+03,4.1409e-07
6.2800e+03,4.1402e-07
6.2900e+03,4.1394e-07
6.3000e+03,4.1385e-07
6.3100e+03,4.1375e-07
6.3200e+03,4.1365e-07
6.3300e+03,4.1353e-07
6.3400e+03,4.1341e-07
6.3500e+03,4.1329e-07
6.3600e+03,4.1316e-07
6.3700e+03,4.1302e-07
6.3800e+03,4.1289e-07
6.3900e+03,4.1275e-07
6.4000e+03,4.1262e-07
6.4100e+03,4.1249e-07
6.4200e+03,4.1237e-07
6.4300e+03,4.1225e-07
6.4400e+03,4.1213e-07
6.4500e+03,4.1203e-07
6.4600e+03,4.1193e-07
6.4700e+03,4.1185e-07
6.4800e+03,4.1177e-07
6.4900e+03,4.1170e-07
6.5000e+03,4.1164e-07
6.5100e+03,4.1159e-07
6.5200e+03,4.1156e-07
6.5300e+03,4.1153e-07
6.5400e+03,4.1151e-07
6.5500e+03,4.1150e-07
6.5600e+03,4.1149e-07
6.5700e+03,4.1149e-07
6.5800e+03,4.1150e-07
6.5900e+03,4.1151e-07
6.6000e+03,4.1152e-07
6.6100e+03,4.1154e-07
6.6200e+03,4.1156e-07
6.6300e+03,4.1157e-07
6.6400e+03,4.1158e-07
6.6500e+03,4.1159e-07
6.6600e+03,4.1160e-07
6.6700e+03,4.1159e-07
6.6800e+03,4.1159e-07
6.6900e+03,4.1157e-07
6.7000e+03,4.1154e-07
6.7100e+03,4.1151e-07
6.7200e+03,4.1146e-07
6.7300e+03,4.1140e-07
6.7400e+03,4.1133e-07
6.7500e+03,4.1125e-07
6.7600e+03,4.1115e-07
6.7700e+03,4.1104e-07
6.7800e+03,4.1092e-07
6.7900e+03,4.1078e-07
6.8000e+03,4.1063e-07
6.8100e+03,4.1047e-07
6.8200e+03,4.1030e-07
6.8300e+03,4.1012e-07
6.8400e+03,4.0993e-07
6.8500e+03,4.0973e-07
6.8600e+03,4.0952e-07
6.8700e+03,4.0930e-07
6.8800e+03,4.0908e-07
6.8900e+03,4.0885e-07
6.9000e+03,4.0863e-07
6.9100e+03,4.0840e-07
6.9200e+03,4.0817e-07
6.9300e+03,4.0795e-07
6.9400e+03,4.0773e-07
6.9500e+03,4.0751e-07
6.9600e+03,4.0731e-07
6.9700e+03,4.0711e-07
6.9800e+03,4.0693e-07
6.9900e+03,4.0675e-07
7.0000e+03,4.0659e-07
7.0100e+03,4.0645e-07
7.0200e+03,4.0632e-07
7.0300e+03,4.0621e-07
7.0400e+03,4.0612e-07
7.0500e+03,4.0605e-07
7.0600e+03,4.0600e-07
7.0700e+03,4.0597e-07
7.0800e+03,4.0595e-07
7.0900e+03,4.0596e-07
7.1000e+03,4.0599e-07
7.1100e+03,4.0604e-07
7.1200e+03,4.0611e-07
7.1300e+03,4.0620e-07
7.1400e+03,4.0630e-07
7.1500e+03,4.0643e-07
7.1600e+03,4.0657e-07
7.1700e+03,4.0673e-07
7.1800e+03,4.0690e-07
7.1900e+03,4.0709e-07
7.2000e+03,4.0729e-07
7.2100e+03,4.0751e-07
7.2200e+03,4.0773e-07
7.2300e+03,4.0797e-07
7.2400e+03,4.0821e-07
7.2500e+03,4.0847e-07
7.2600e+03,4.0873e-07
7.2700e+03,4.0899e-07
7.2800e+03,4.0926e-07
7.2900e+03,4.0953e-07
7.3000e+03,4.0980e-07
7.3100e+03,4.1008e-07
7.3200e+03,4.1035e-07
7.3300e+03,4.1063e-07
7.3400e+03,4.1090e-07
7.3500e+03,4.1117e-07
7.3600e+03,4.1143e-07
7.3700e+03,4.1169e-07
7.3800e+03,4.1194e-07
7.3900e+03,4.1219e-07
7.4000e+03,4.1243e-07
7.4100e+03,4.1266e-07
7.4200e+03,4.1289e-07
7.4300e+03,4.1310e-07
7.4400e+03,4.1330e-07
7.4500e+03,4.1349e-07
7.4600e+03,4.1367e-07
7.4700e+03,4.1384e-07
7.4800e+03,4.1399e-07
7.4900e+03,4.1413e-07
7.5000e+03,4.1426e-07
7.5100e+03,4.1437e-07
7.5200e+03,4.1447e-07
7.5300e+03,4.1455e-07
7.5400e+03,4.1462e-07
7.5500e+03,4.1468e-07
7.5600e+03,4.1472e-07
7.5700e+03,4.1474e-07
7.5800e+03,4.1475e-07
7.5900e+03,4.1475e-07
7.6000e+03,4.1473e-07
7.6100e+03,4.1469e-07
7.6200e+03,4.1465e-07
7.6300e+03,4.1459e-07
7.6400e+03,4.1452e-07
7.6500e+03,4.1443e-07
7.6600e+03,4.1433e-07
7.6700e+03,4.1422e-07
7.6800e+03,4.1410e-07
7.6900e+03,4.1397e-07
7.7000e+03,4.1383e-07
7.7100e+03,4.1367e-07
7.7200e+03,4.1351e-07
7.7300e+03,4.1334e-07
7.7400e+03,4.1316e-07
7.7500e+03,4.1298e-07
7.7600e+03,4.1278e-07
7.7700e+03,4.1258e-07
7.7800e+03,4.1238e-07
7.7900e+03,4.1217e-07
7.8000e+03,4.1196e-07
7.8100e+03,4.1174e-07
7.8200e+03,4.1152e-07
7.8300e+03,4.1130e-07
7.8400e+03,4.1108e-07
7.8500e+03,4.1086e-07
7.8600e+03,4.1065e-07
7.8700e+03,4.1044e-07
7.8800e+03,4.1023e-07
7.8900e+03,4.1002e-07
7.9000e+03,4.0983e-07
7.9100e+03,4.0964e-07
7.9200e+03,4.0947e-07
7.9300e+03,4.0930e-07
7.9400e+03,4.0915e-07
7.9500e+03,4.0901e-07
7.9600e+03,4.0889e-07
7.9700e+03,4.0878e-07
7.9800e+03,4.0869e-07
7.9900e+03,4.0862e-07
8.0000e+03,4.0857e-07
8.0100e+03,4.0854e-07
8.0200e+03,4.0852e-07
8.0300e+03,4.0853e-07
8.0400e+03,4.0857e-07
8.0500e+03,4.0862e-07
8.0600e+03,4.0869e-07
8.0700e+03,4.0879e-07
8.0800e+03,4.0890e-07
8.0900e+03,4.0903e-07
8.1000e+03,4.0919e-07
8.1100e+03,4.0936e-07
8.1200e+03,4.0954e-07
8.1300e+03,4.0975e-07
8.1400e+03,4.0996e-07
8.1500e+03,4.1018e-07
8.1600e+03,4.1042e-07
8.1700e+03,4.1066e-07
8.1800e+03,4.1091e-07
8.1900e+03,4.1115e-07
8.2000e+03,4.1140e-07
8.2100e+03,4.1164e-07
8.2200e+03,4.1188e-07
8.2300e+03,4.1210e-07
8.2400e+03,4.1232e-07
8.2500e+03,4.1252e-07
8.2600e+03,4.1270e-07
8.2700e+03,4.1286e-07
8.2800e+03,4.1300e-07
8.2900e+03,4.1312e-07
8.3000e+03,4.1321e-07
8.3100e+03,4.1326e-07
8.3200e+03,4.1329e-07
8.3300e+03,4.1328e-07
8.3400e+03,4.1324e-07
8.3500e+03,4.1316e-07
8.3600e+03,4.1304e-07
8.3700e+03,4.1288e-07
8.3800e+03,4.1269e-07
8.3900e+03,4.1245e-07
8.4000e+03,4.1218e-07
8.4100e+03,4.1187e-07
8.4200e+03,4.1152e-07
8.4300e+03,4.1113e-07
8.4400e+03,4.1070e-07
8.4500e+03,4.1024e-07
8.4600e+03,4.0975e-07
8.4700e+03,4.0922e-07
8.4800e+03,4.0866e-07
8.4900e+03,4.0807e-07
8.5000e+03,4.0745e-07
8.5100e+03,4.0681e-07
8.5200e+03,4.0614e-07
8.5300e+03,4.0546e-07
8.5400e+03,4.0475e-07
8.5500e+03,4.0403e-07
8.5600e+03,4.0329e-07
8.5700e+03,4.0255e-07
8.5800e+03,4.0179e-07
8.5900e+03,4.0103e-07
8.6000e+03,4.0026e-07
8.6100e+03,3.9949e-07
8.6200e+03,3.9873e-07
8.6300e+03,3.9796e-07
8.6400e+03,3.9721e-07
8.6500e+03,3.9646e-07
8.6600e+03,3.9572e-07
8.6700e+03,3.9499e-07
8.6800e+03,3.9428e-07
8.6900e+03,3.9359e-07
8.7000e+03,3.9292e-07
8.7100e+03,3.9227e-07
8.7200e+03,3.9164e-07
8.7300e+03,3.9105e-07
8.7400e+03,3.9047e-07
8.7500e+03,3.8993e-07
8.7600e+03,3.8942e-07
8.7700e+03,3.8895e-07
8.7800e+03,3.8851e-07
8.7900e+03,3.8811e-07
8.8000e+03,3.8775e-07
8.8100e+03,3.8742e-07
8.8200e+03,3.8715e-07
8.8300e+03,3.8691e-07
8.8400e+03,3.8673e-07
8.8500e+03,3.8659e-07
8.8600e+03,3.8650e-07
8.8700e+03,3.8646e-07
8.8800e+03,3.8647e-07
8.8900e+03,3.8654e-07
8.9000e+03,3.8666e-07
8.9100e+03,3.8684e-07
8.9200e+03,3.8707e-07
8.9300e+03,3.8736e-07
8.9400e+03,3.8771e-07
8.9500e+03,3.8812e-07
8.9600e+03,3.8858e-07
8.9700e+03,3.8910e-07
8.9800e+03,3.8968e-07
8.9900e+03,3.9032e-07
9.0000e+03,3.9101e-07
9.0100e+03,3.9175e-07
9.0200e+03,3.9255e-07
9.0300e+03,3.9340e-07
9.0400e+03,3.9431e-07
9.0500e+03,3.9526e-07
9.0600e+03,3.9625e-07
9.0700e+03,3.9729e-07
9.0800e+03,3.9837e-07
9.0900e+03,3.9948e-07
9.1000e+03,4.0063e-07
9.1100e+03,4.0181e-07
9.1200e+03,4.0301e-07
9.1300e+03,4.0424e-07
9.1400e+03,4.0548e-07
9.1500e+03,4.0674e-07
9.1600e+03,4.0801e-07
9.1700e+03,4.0929e-07
9.1800e+03,4.1056e-07
9.1900e+03,4.1184e-07
9.2000e+03,4.1310e-07
9.2100e+03,4.1436e-07
9.2200e+03,4.1559e-07
9.2300e+03,4.1681e-07
9.2400e+03,4.1800e-07
9.2500e+03,4.1916e-07
9.2600e+03,4.2030e-07
9.2700e+03,4.2139e-07
9.2800e+03,4.2245e-07
9.2900e+03,4.2347e-07
9.3000e+03,4.2444e-07
9.3100e+03,4.2537e-07
9.3200e+03,4.2625e-07
9.3300e+03,4.2708e-07
9.3400e+03,4.2786e-07
9.3500e+03,4.2858e-07
9.3600e+03,4.2925e-07
9.3700e+03,4.2987e-07
9.3800e+03,4.3044e-07
9.3900e+03,4.3095e-07
9.4000e+03,4.3141e-07
9.4100e+03,4.3181e-07
9.4200e+03,4.3217e-07
9.4300e+03,4.3247e-07
9.4400e+03,4.3272e-07
9.4500e+03,4.3292e-07
9.4600e+03,4.3308e-07
9.4700e+03,4.3320e-07
9.4800e+03,4.3327e-07
9.4900e+03,4.3330e-07
9.5000e+03,4.3329e-07
9.5100e+03,4.3324e-07
9.5200e+03,4.3317e-07
9.5300e+03,4.3306e-07
9.5400e+03,4.3292e-07
9.5500e+03,4.3276e-07
9.5600e+03,4.3257e-07
9.5700e+03,4.3236e-07
9.5800e+03,4.3214e-07
9.5900e+03,4.3189e-07
9.6000e+03,4.3164e-07
9.6100e+03,4.3137e-07
9.6200e+03,4.3109e-07
9.6300e+03,4.3080e-07
9.6400e+03,4.3051e-07
9.6500e+03,4.3021e-07
9.6600e+03,4.2991e-07
9.6700e+03,4.2961e-07
9.6800e+03,4.2930e-07
9.6900e+03,4.2900e-07
9.7000e+03,4.2871e-07
9.7100e+03,4.2841e-07
9.7200e+03,4.2812e-07
9.7300e+03,4.2784e-07
9.7400e+03,4.2756e-07
9.7500e+03,4.2729e-07
9.7600e+03,4.2703e-07
9.7700e+03,4.2678e-07
9.7800e+03,4.2653e-07
9.7900e+03,4.2630e-07
9.8000e+03,4.2608e-07
9.8100e+03,4.2586e-07
9.8200e+03,4.2566e-07
9.8300e+03,4.2548e-07
9.8400e+03,4.2530e-07
9.8500e+03,4.2514e-07
9.8600e+03,4.2499e-07
9.8700e+03,4.2485e-07
9.8800e+03,4.2473e-07
9.8900e+03,4.2463e-07
9.9000e+03,4.2454e-07
9.9100e+03,4.2446e-07
9.9200e+03,4.2440e-07
9.9300e+03,4.2436e-07
9.9400e+03,4.2433e-07
9.9500e+03,4.2432e-07
9.9600e+03,4.2432e-07
9.9700e+03,4.2435e-07
9.9800e+03,4.2439e-07
9.9900e+03,4.2445e-07
1.0000e+04,4.2452e-07
