# Time , Side-Flux
0.0000e+00,0.0000e+00
1.0000e+01,5.9841e-05
2.0000e+01,1.1247e-04
3.0000e+01,1.5436e-04
4.0000e+01,1.8576e-04
5.0000e+01,2.0862e-04
6.0000e+01,2.2509e-04
7.0000e+01,2.3695e-04
8.0000e+01,2.4549e-04
9.0000e+01,2.5166e-04
1.0000e+02,2.5614e-04
1.1000e+02,2.5938e-04
1.2000e+02,2.6175e-04
1.3000e+02,2.6347e-04
1.4000e+02,2.6473e-04
1.5000e+02,2.6565e-04
1.6000e+02,2.6633e-04
1.7000e+02,2.6684e-04
1.8000e+02,2.6722e-04
1.9000e+02,2.6750e-04
2.0000e+02,2.6772e-04
2.1000e+02,2.6789e-04
2.2000e+02,2.6803e-04
2.3000e+02,2.6813e-04
2.4000e+02,2.6821e-04
2.5000e+02,2.6827e-04
2.6000e+02,2.6832e-04
2.7000e+02,2.6836e-04
2.8000e+02,2.6840e-04
2.9000e+02,2.6843e-04
3.0000e+02,2.6845e-04
3.1000e+02,2.6847e-04
3.2000e+02,2.6850e-04
3.3000e+02,2.6853e-04
3.4000e+02,2.6855e-04
3.5000e+02,2.6856e-04
3.6000e+02,2.6858e-04
3.7000e+02,2.6860e-04
3.8000e+02,2.6863e-04
3.9000e+02,2.6865e-04
4.0000e+02,2.6864e-04
4.1000e+02,2.6862e-04
4.2000e+02,2.6859e-04
4.3000e+02,2.6856e-04
4.4000e+02,2.6854e-04
4.5000e+02,2.6853e-04
4.6000e+02,2.6852e-04
4.7000e+02,2.6852e-04
4.8000e+02,2.6852e-04
4.9000e+02,2.6851e-04
5.0000e+02,2.6851e-04
5.1000e+02,2.6850e-04
5.2000e+02,2.6849e-04
5.3000e+02,2.6848e-04
5.4000e+02,2.6847e-04
5.5000e+02,2.6846e-04
5.6000e+02,2.6845e-04
5.7000e+02,2.6843e-04
5.8000e+02,2.6839e-04
5.9000e+02,2.6833e-04
6.0000e+02,2.6822e-04
6.1000e+02,2.6804e-04
6.2000e+02,2.6780e-04
6.3000e+02,2.6750e-04
6.4000e+02,2.6712e-04
6.5000e+02,2.6665e-04
6.6000e+02,2.6604e-04
6.7000e+02,2.6532e-04
6.8000e+02,2.6453e-04
6.9000e+02,2.6373e-04
7.0000e+02,2.6297e-04
7.1000e+02,2.6222e-04
7.2000e+02,2.6142e-04
7.3000e+02,2.6055e-04
7.4000e+02,2.5965e-04
7.5000e+02,2.5877e-04
7.6000e+02,2.5802e-04
7.7000e+02,2.5745e-04
7.8000e+02,2.5710e-04
7.9000e+02,2.5692e-04
8.0000e+02,2.5678e-04
8.1000e+02,2.5656e-04
8.2000e+02,2.5617e-04
8.3000e+02,2.5559e-04
8.4000e+02,2.5487e-04
8.5000e+02,2.5416e-04
8.6000e+02,2.5357e-04
8.7000e+02,2.5318e-04
8.8000e+02,2.5299e-04
8.9000e+02,2.5294e-04
9.0000e+02,2.5297e-04
9.1000e+02,2.5296e-04
9.2000e+02,2.5273e-04
9.3000e+02,2.5216e-04
9.4000e+02,2.5119e-04
9.5000e+02,2.4985e-04
9.6000e+02,2.4819e-04
9.7000e+02,2.4633e-04
9.8000e+02,2.4447e-04
9.9000e+02,2.4285e-04
1.0000e+03,2.4166e-04
1.0100e+03,2.4102e-04
1.0200e+03,2.4088e-04
1.0300e+03,2.4103e-04
1.0400e+03,2.4122e-04
1.0500e+03,2.4123e-04
1.0600e+03,2.4093e-04
1.0700e+03,2.4019e-04
1.0800e+03,2.3897e-04
1.0900e+03,2.3724e-04
1.1000e+03,2.3510e-04
1.1100e+03,2.3275e-04
1.1200e+03,2.3043e-04
1.1300e+03,2.2832e-04
1.1400e+03,2.2653e-04
1.1500e+03,2.2509e-04
1.1600e+03,2.2399e-04
1.1700e+03,2.2319e-04
1.1800e+03,2.2261e-04
1.1900e+03,2.2220e-04
1.2000e+03,2.2193e-04
1.2100e+03,2.2179e-04
1.2200e+03,2.2173e-04
1.2300e+03,2.2172e-04
1.2400e+03,2.2171e-04
1.2500e+03,2.2165e-04
1.2600e+03,2.2149e-04
1.2700e+03,2.2124e-04
1.2800e+03,2.2095e-04
1.2900e+03,2.2066e-04
1.3000e+03,2.2041e-04
1.3100e+03,2.2021e-04
1.3200e+03,2.2004e-04
1.3300e+03,2.1990e-04
1.3400e+03,2.1973e-04
1.3500e+03,2.1949e-04
1.3600e+03,2.1910e-04
1.3700e+03,2.1859e-04
1.3800e+03,2.1801e-04
1.3900e+03,2.1743e-04
1.4000e+03,2.1691e-04
1.4100e+03,2.1648e-04
1.4200e+03,2.1613e-04
1.4300e+03,2.1586e-04
1.4400e+03,2.1566e-04
1.4500e+03,2.1553e-04
1.4600e+03,2.1545e-04
1.4700e+03,2.1539e-04
1.4800e+03,2.1535e-04
1.4900e+03,2.1531e-04
1.5000e+03,2.1528e-04
1.5100e+03,2.1525e-04
1.5200e+03,2.1522e-04
1.5300e+03,2.1520e-04
1.5400e+03,2.1518e-04
1.5500e+03,2.1517e-04
1.5600e+03,2.1516e-04
1.5700e+03,2.1515e-04
1.5800e+03,2.1514e-04
1.5900e+03,2.1513e-04
1.6000e+03,2.1513e-04
1.6100e+03,2.1513e-04
1.6200e+03,2.1513e-04
1.6300e+03,2.1511e-04
1.6400e+03,2.1506e-04
1.6500e+03,2.1497e-04
1.6600e+03,2.1484e-04
1.6700e+03,2.1469e-04
1.6800e+03,2.1455e-04
1.6900e+03,2.1445e-04
1.7000e+03,2.1438e-04
1.7100e+03,2.1431e-04
1.7200e+03,2.1421e-04
1.7300e+03,2.1406e-04
1.7400e+03,2.1389e-04
1.7500e+03,2.1369e-04
1.7600e+03,2.1353e-04
1.7700e+03,2.1342e-04
1.7800e+03,2.1340e-04
1.7900e+03,2.1344e-04
1.8000e+03,2.1350e-04
1.8100e+03,2.1352e-04
1.8200e+03,2.1342e-04
1.8300e+03,2.1315e-04
1.8400e+03,2.1270e-04
1.8500e+03,2.1209e-04
1.8600e+03,2.1141e-04
1.8700e+03,2.1073e-04
1.8800e+03,2.1009e-04
1.8900e+03,2.0952e-04
1.9000e+03,2.0901e-04
1.9100e+03,2.0853e-04
1.9200e+03,2.0806e-04
1.9300e+03,2.0761e-04
1.9400e+03,2.0718e-04
1.9500e+03,2.0678e-04
1.9600e+03,2.0645e-04
1.9700e+03,2.0620e-04
1.9800e+03,2.0604e-04
1.9900e+03,2.0598e-04
2.0000e+03,2.0598e-04
2.0100e+03,2.0601e-04
2.0200e+03,2.0603e-04
2.0300e+03,2.0600e-04
2.0400e+03,2.0595e-04
2.0500e+03,2.0588e-04
2.0600e+03,2.0577e-04
2.0700e+03,2.0563e-04
2.0800e+03,2.0546e-04
2.0900e+03,2.0525e-04
2.1000e+03,2.0500e-04
2.1100e+03,2.0471e-04
2.1200e+03,2.0437e-04
2.1300e+03,2.0395e-04
2.1400e+03,2.0340e-04
2.1500e+03,2.0266e-04
2.1600e+03,2.0171e-04
2.1700e+03,2.0054e-04
2.1800e+03,1.9913e-04
2.1900e+03,1.9750e-04
2.2000e+03,1.9576e-04
2.2100e+03,1.9402e-04
2.2200e+03,1.9237e-04
2.2300e+03,1.9083e-04
2.2400e+03,1.8936e-04
2.2500e+03,1.8793e-04
2.2600e+03,1.8653e-04
2.2700e+03,1.8521e-04
2.2800e+03,1.8407e-04
2.2900e+03,1.8320e-04
2.3000e+03,1.8258e-04
2.3100e+03,1.8218e-04
2.3200e+03,1.8194e-04
2.3300e+03,1.8183e-04
2.3400e+03,1.8182e-04
2.3500e+03,1.8183e-04
2.3600e+03,1.8183e-04
2.3700e+03,1.8181e-04
2.3800e+03,1.8177e-04
2.3900e+03,1.8169e-04
2.4000e+03,1.8160e-04
2.4100e+03,1.8152e-04
2.4200e+03,1.8144e-04
2.4300e+03,1.8137e-04
2.4400e+03,1.8132e-04
2.4500e+03,1.8131e-04
2.4600e+03,1.8136e-04
2.4700e+03,1.8141e-04
2.4800e+03,1.8143e-04
2.4900e+03,1.8139e-04
2.5000e+03,1.8132e-04
2.5100e+03,1.8124e-04
2.5200e+03,1.8116e-04
2.5300e+03,1.8106e-04
2.5400e+03,1.8095e-04
2.5500e+03,1.8080e-04
2.5600e+03,1.8062e-04
2.5700e+03,1.8040e-04
2.5800e+03,1.8014e-04
2.5900e+03,1.7989e-04
2.6000e+03,1.7965e-04
2.6100e+03,1.7946e-04
2.6200e+03,1.7931e-04
2.6300e+03,1.7920e-04
2.6400e+03,1.7910e-04
2.6500e+03,1.7901e-04
2.6600e+03,1.7891e-04
2.6700e+03,1.7879e-04
2.6800e+03,1.7864e-04
2.6900e+03,1.7845e-04
2.7000e+03,1.7823e-04
2.7100e+03,1.7796e-04
2.7200e+03,1.7764e-04
2.7300e+03,1.7725e-04
2.7400e+03,1.7682e-04
2.7500e+03,1.7638e-04
2.7600e+03,1.7600e-04
2.7700e+03,1.7569e-04
2.7800e+03,1.7547e-04
2.7900e+03,1.7534e-04
2.8000e+03,1.7526e-04
2.8100e+03,1.7518e-04
2.8200e+03,1.7509e-04
2.8300e+03,1.7496e-04
2.8400e+03,1.7481e-04
2.8500e+03,1.7464e-04
2.8600e+03,1.7444e-04
2.8700e+03,1.7421e-04
2.8800e+03,1.7395e-04
2.8900e+03,1.7362e-04
2.9000e+03,1.7320e-04
2.9100e+03,1.7262e-04
2.9200e+03,1.7188e-04
2.9300e+03,1.7098e-04
2.9400e+03,1.7003e-04
2.9500e+03,1.6910e-04
2.9600e+03,1.6826e-04
2.9700e+03,1.6753e-04
2.9800e+03,1.6686e-04
2.9900e+03,1.6618e-04
3.0000e+03,1.6539e-04
3.0100e+03,1.6445e-04
3.0200e+03,1.6342e-04
3.0300e+03,1.6242e-04
3.0400e+03,1.6156e-04
3.0500e+03,1.6088e-04
3.0600e+03,1.6040e-04
3.0700e+03,1.6016e-04
3.0800e+03,1.6013e-04
3.0900e+03,1.6021e-04
3.1000e+03,1.6015e-04
3.1100e+03,1.5980e-04
3.1200e+03,1.5911e-04
3.1300e+03,1.5817e-04
3.1400e+03,1.5716e-04
3.1500e+03,1.5619e-04
3.1600e+03,1.5533e-04
3.1700e+03,1.5459e-04
3.1800e+03,1.5400e-04
3.1900e+03,1.5358e-04
3.2000e+03,1.5330e-04
3.2100e+03,1.5311e-04
3.2200e+03,1.5297e-04
3.2300e+03,1.5284e-04
3.2400e+03,1.5272e-04
3.2500e+03,1.5261e-04
3.2600e+03,1.5250e-04
3.2700e+03,1.5237e-04
3.2800e+03,1.5222e-04
3.2900e+03,1.5206e-04
3.3000e+03,1.5188e-04
3.3100e+03,1.5170e-04
3.3200e+03,1.5152e-04
3.3300e+03,1.5134e-04
3.3400e+03,1.5114e-04
3.3500e+03,1.5094e-04
3.3600e+03,1.5072e-04
3.3700e+03,1.5052e-04
3.3800e+03,1.5034e-04
3.3900e+03,1.5020e-04
3.4000e+03,1.5008e-04
3.4100e+03,1.4998e-04
3.4200e+03,1.4985e-04
3.4300e+03,1.4968e-04
3.4400e+03,1.4945e-04
3.4500e+03,1.4918e-04
3.4600e+03,1.4889e-04
3.4700e+03,1.4861e-04
3.4800e+03,1.4835e-04
3.4900e+03,1.4808e-04
3.5000e+03,1.4777e-04
3.5100e+03,1.4741e-04
3.5200e+03,1.4703e-04
3.5300e+03,1.4667e-04
3.5400e+03,1.4637e-04
3.5500e+03,1.4615e-04
3.5600e+03,1.4600e-04
3.5700e+03,1.4591e-04
3.5800e+03,1.4587e-04
3.5900e+03,1.4587e-04
3.6000e+03,1.4589e-04
3.6100e+03,1.4591e-04
3.6200e+03,1.4590e-04
3.6300e+03,1.4586e-04
3.6400e+03,1.4577e-04
3.6500e+03,1.4564e-04
3.6600e+03,1.4551e-04
3.6700e+03,1.4538e-04
3.6800e+03,1.4529e-04
3.6900e+03,1.4521e-04
3.7000e+03,1.4516e-04
3.7100e+03,1.4511e-04
3.7200e+03,1.4505e-04
3.7300e+03,1.4497e-04
3.7400e+03,1.4484e-04
3.7500e+03,1.4466e-04
3.7600e+03,1.4444e-04
3.7700e+03,1.4420e-04
3.7800e+03,1.4400e-04
3.7900e+03,1.4387e-04
3.8000e+03,1.4379e-04
3.8100e+03,1.4376e-04
3.8200e+03,1.4375e-04
3.8300e+03,1.4376e-04
3.8400e+03,1.4376e-04
3.8500e+03,1.4374e-04
3.8600e+03,1.4371e-04
3.8700e+03,1.4369e-04
3.8800e+03,1.4372e-04
3.8900e+03,1.4381e-04
3.9000e+03,1.4389e-04
3.9100e+03,1.4386e-04
3.9200e+03,1.4363e-04
3.9300e+03,1.4312e-04
3.9400e+03,1.4229e-04
3.9500e+03,1.4119e-04
3.9600e+03,1.3991e-04
3.9700e+03,1.3860e-04
3.9800e+03,1.3742e-04
3.9900e+03,1.3651e-04
4.0000e+03,1.3590e-04
4.0100e+03,1.3553e-04
4.0200e+03,1.3529e-04
4.0300e+03,1.3506e-04
4.0400e+03,1.3474e-04
4.0500e+03,1.3424e-04
4.0600e+03,1.3350e-04
4.0700e+03,1.3252e-04
4.0800e+03,1.3134e-04
4.0900e+03,1.3010e-04
4.1000e+03,1.2894e-04
4.1100e+03,1.2805e-04
4.1200e+03,1.2746e-04
4.1300e+03,1.2710e-04
4.1400e+03,1.2679e-04
4.1500e+03,1.2643e-04
4.1600e+03,1.2599e-04
4.1700e+03,1.2550e-04
4.1800e+03,1.2498e-04
4.1900e+03,1.2447e-04
4.2000e+03,1.2400e-04
4.2100e+03,1.2358e-04
4.2200e+03,1.2324e-04
4.2300e+03,1.2294e-04
4.2400e+03,1.2269e-04
4.2500e+03,1.2249e-04
4.2600e+03,1.2233e-04
4.2700e+03,1.2221e-04
4.2800e+03,1.2213e-04
4.2900e+03,1.2205e-04
4.3000e+03,1.2197e-04
4.3100e+03,1.2185e-04
4.3200e+03,1.2170e-04
4.3300e+03,1.2153e-04
4.3400e+03,1.2134e-04
4.3500e+03,1.2117e-04
4.3600e+03,1.2106e-04
4.3700e+03,1.2104e-04
4.3800e+03,1.2111e-04
4.3900e+03,1.2128e-04
4.4000e+03,1.2152e-04
4.4100e+03,1.2179e-04
4.4200e+03,1.2199e-04
4.4300e+03,1.2205e-04
4.4400e+03,1.2193e-04
4.4500e+03,1.2165e-04
4.4600e+03,1.2126e-04
4.4700e+03,1.2078e-04
4.4800e+03,1.2026e-04
4.4900e+03,1.1972e-04
4.5000e+03,1.1922e-04
4.5100e+03,1.1880e-04
4.5200e+03,1.1849e-04
4.5300e+03,1.1829e-04
4.5400e+03,1.1821e-04
4.5500e+03,1.1820e-04
4.5600e+03,1.1824e-04
4.5700e+03,1.1827e-04
4.5800e+03,1.1829e-04
4.5900e+03,1.1828e-04
4.6000e+03,1.1825e-04
4.6100e+03,1.1824e-04
4.6200e+03,1.1827e-04
4.6300e+03,1.1835e-04
4.6400e+03,1.1847e-04
4.6500e+03,1.1860e-04
4.6600e+03,1.1870e-04
4.6700e+03,1.1876e-04
4.6800e+03,1.1875e-04
4.6900e+03,1.1865e-04
4.7000e+03,1.1847e-04
4.7100e+03,1.1824e-04
4.7200e+03,1.1799e-04
4.7300e+03,1.1775e-04
4.7400e+03,1.1755e-04
4.7500e+03,1.1741e-04
4.7600e+03,1.1732e-04
4.7700e+03,1.1729e-04
4.7800e+03,1.1728e-04
4.7900e+03,1.1728e-04
4.8000e+03,1.1726e-04
4.8100e+03,1.1722e-04
4.8200e+03,1.1716e-04
4.8300e+03,1.1707e-04
4.8400e+03,1.1697e-04
4.8500e+03,1.1685e-04
4.8600e+03,1.1671e-04
4.8700e+03,1.1652e-04
4.8800e+03,1.1629e-04
4.8900e+03,1.1603e-04
4.9000e+03,1.1577e-04
4.9100e+03,1.1551e-04
4.9200e+03,1.1524e-04
4.9300e+03,1.1496e-04
4.9400e+03,1.1467e-04
4.9500e+03,1.1438e-04
4.9600e+03,1.1410e-04
4.9700e+03,1.1386e-04
4.9800e+03,1.1368e-04
4.9900e+03,1.1359e-04
5.0000e+03,1.1364e-04
5.0100e+03,1.1386e-04
5.0200e+03,1.1427e-04
5.0300e+03,1.1488e-04
5.0400e+03,1.1564e-04
5.0500e+03,1.1647e-04
5.0600e+03,1.1732e-04
5.0700e+03,1.1820e-04
5.0800e+03,1.1921e-04
5.0900e+03,1.2039e-04
5.1000e+03,1.2161e-04
5.1100e+03,1.2266e-04
5.1200e+03,1.2336e-04
5.1300e+03,1.2365e-04
5.1400e+03,1.2356e-04
5.1500e+03,1.2312e-04
5.1600e+03,1.2235e-04
5.1700e+03,1.2124e-04
5.1800e+03,1.1977e-04
5.1900e+03,1.1799e-04
5.2000e+03,1.1600e-04
5.2100e+03,1.1394e-04
5.2200e+03,1.1195e-04
5.2300e+03,1.1016e-04
5.2400e+03,1.0857e-04
5.2500e+03,1.0717e-04
5.2600e+03,1.0591e-04
5.2700e+03,1.0482e-04
5.2800e+03,1.0392e-04
5.2900e+03,1.0319e-04
5.3000e+03,1.0259e-04
5.3100e+03,1.0206e-04
5.3200e+03,1.0158e-04
5.3300e+03,1.0112e-04
5.3400e+03,1.0062e-04
5.3500e+03,1.0006e-04
5.3600e+03,9.9439e-05
5.3700e+03,9.8808e-05
5.3800e+03,9.8224e-05
5.3900e+03,9.7749e-05
5.4000e+03,9.7439e-05
5.4100e+03,9.7326e-05
5.4200e+03,9.7409e-05
5.4300e+03,9.7664e-05
5.4400e+03,9.8053e-05
5.4500e+03,9.8556e-05
5.4600e+03,9.9165e-05
5.4700e+03,9.9857e-05
5.4800e+03,1.0057e-04
5.4900e+03,1.0124e-04
5.5000e+03,1.0179e-04
5.5100e+03,1.0223e-04
5.5200e+03,1.0260e-04
5.5300e+03,1.0294e-04
5.5400e+03,1.0329e-04
5.5500e+03,1.0363e-04
5.5600e+03,1.0393e-04
5.5700e+03,1.0416e-04
5.5800e+03,1.0427e-04
5.5900e+03,1.0427e-04
5.6000e+03,1.0418e-04
5.6100e+03,1.0402e-04
5.6200e+03,1.0381e-04
5.6300e+03,1.0356e-04
5.6400e+03,1.0326e-04
5.6500e+03,1.0292e-04
5.6600e+03,1.0254e-04
5.6700e+03,1.0216e-04
5.6800e+03,1.0181e-04
5.6900e+03,1.0152e-04
5.7000e+03,1.0132e-04
5.7100e+03,1.0117e-04
5.7200e+03,1.0103e-04
5.7300e+03,1.0087e-04
5.7400e+03,1.0068e-04
5.7500e+03,1.0049e-04
5.7600e+03,1.0035e-04
5.7700e+03,1.0033e-04
5.7800e+03,1.0049e-04
5.7900e+03,1.0087e-04
5.8000e+03,1.0143e-04
5.8100e+03,1.0209e-04
5.8200e+03,1.0271e-04
5.8300e+03,1.0323e-04
5.8400e+03,1.0368e-04
5.8500e+03,1.0406e-04
5.8600e+03,1.0437e-04
5.8700e+03,1.0460e-04
5.8800e+03,1.0471e-04
5.8900e+03,1.0469e-04
5.9000e+03,1.0459e-04
5.9100e+03,1.0444e-04
5.9200e+03,1.0431e-04
5.9300e+03,1.0421e-04
5.9400e+03,1.0415e-04
5.9500e+03,1.0409e-04
5.9600e+03,1.0399e-04
5.9700e+03,1.0385e-04
5.9800e+03,1.0368e-04
5.9900e+03,1.0350e-04
6.0000e+03,1.0332e-04
6.0100e+03,1.0317e-04
6.0200e+03,1.0304e-04
6.0300e+03,1.0292e-04
6.0400e+03,1.0278e-04
6.0500e+03,1.0259e-04
6.0600e+03,1.0235e-04
6.0700e+03,1.0207e-04
6.0800e+03,1.0173e-04
6.0900e+03,1.0135e-04
6.1000e+03,1.0093e-04
6.1100e+03,1.0050e-04
6.1200e+03,1.0006e-04
6.1300e+03,9.9600e-05
6.1400e+03,9.9108e-05
6.1500e+03,9.8570e-05
6.1600e+03,9.7975e-05
6.1700e+03,9.7308e-05
6.1800e+03,9.6558e-05
6.1900e+03,9.5765e-05
6.2000e+03,9.5002e-05
6.2100e+03,9.4330e-05
6.2200e+03,9.3785e-05
6.2300e+03,9.3384e-05
6.2400e+03,9.3118e-05
6.2500e+03,9.2935e-05
6.2600e+03,9.2769e-05
6.2700e+03,9.2589e-05
6.2800e+03,9.2427e-05
6.2900e+03,9.2335e-05
6.3000e+03,9.2336e-05
6.3100e+03,9.2409e-05
6.3200e+03,9.2514e-05
6.3300e+03,9.2625e-05
6.3400e+03,9.2746e-05
6.3500e+03,9.2900e-05
6.3600e+03,9.3108e-05
6.3700e+03,9.3375e-05
6.3800e+03,9.3684e-05
6.3900e+03,9.3997e-05
6.4000e+03,9.4267e-05
6.4100e+03,9.4451e-05
6.4200e+03,9.4529e-05
6.4300e+03,9.4500e-05
6.4400e+03,9.4379e-05
6.4500e+03,9.4193e-05
6.4600e+03,9.3977e-05
6.4700e+03,9.3771e-05
6.4800e+03,9.3612e-05
6.4900e+03,9.3537e-05
6.5000e+03,9.3591e-05
6.5100e+03,9.3823e-05
6.5200e+03,9.4271e-05
6.5300e+03,9.4924e-05
6.5400e+03,9.5716e-05
6.5500e+03,9.6571e-05
6.5600e+03,9.7429e-05
6.5700e+03,9.8239e-05
6.5800e+03,9.8951e-05
6.5900e+03,9.9524e-05
6.6000e+03,9.9941e-05
6.6100e+03,1.0022e-04
6.6200e+03,1.0039e-04
6.6300e+03,1.0044e-04
6.6400e+03,1.0037e-04
6.6500e+03,1.0020e-04
6.6600e+03,9.9984e-05
6.6700e+03,9.9766e-05
6.6800e+03,9.9578e-05
6.6900e+03,9.9428e-05
6.7000e+03,9.9310e-05
6.7100e+03,9.9213e-05
6.7200e+03,9.9132e-05
6.7300e+03,9.9062e-05
6.7400e+03,9.9004e-05
6.7500e+03,9.8964e-05
6.7600e+03,9.8945e-05
6.7700e+03,9.8945e-05
6.7800e+03,9.8964e-05
6.7900e+03,9.8996e-05
6.8000e+03,9.9027e-05
6.8100e+03,9.9031e-05
6.8200e+03,9.8970e-05
6.8300e+03,9.8807e-05
6.8400e+03,9.8517e-05
6.8500e+03,9.8099e-05
6.8600e+03,9.7573e-05
6.8700e+03,9.6965e-05
6.8800e+03,9.6309e-05
6.8900e+03,9.5647e-05
6.9000e+03,9.5027e-05
6.9100e+03,9.4471e-05
6.9200e+03,9.3965e-05
6.9300e+03,9.3488e-05
6.9400e+03,9.3032e-05
6.9500e+03,9.2606e-05
6.9600e+03,9.2215e-05
6.9700e+03,9.1852e-05
6.9800e+03,9.1512e-05
6.9900e+03,9.1200e-05
7.0000e+03,9.0931e-05
7.0100e+03,9.0717e-05
7.0200e+03,9.0565e-05
7.0300e+03,9.0469e-05
7.0400e+03,9.0409e-05
7.0500e+03,9.0352e-05
7.0600e+03,9.0271e-05
7.0700e+03,9.0152e-05
7.0800e+03,9.0008e-05
7.0900e+03,8.9866e-05
7.1000e+03,8.9758e-05
7.1100e+03,8.9711e-05
7.1200e+03,8.9756e-05
7.1300e+03,8.9926e-05
7.1400e+03,9.0241e-05
7.1500e+03,9.0693e-05
7.1600e+03,9.1230e-05
7.1700e+03,9.1753e-05
7.1800e+03,9.2126e-05
7.1900e+03,9.2256e-05
7.2000e+03,9.2190e-05
7.2100e+03,9.2116e-05
7.2200e+03,9.2238e-05
7.2300e+03,9.2650e-05
7.2400e+03,9.3321e-05
7.2500e+03,9.4157e-05
7.2600e+03,9.5042e-05
7.2700e+03,9.5865e-05
7.2800e+03,9.6530e-05
7.2900e+03,9.6994e-05
7.3000e+03,9.7279e-05
7.3100e+03,9.7466e-05
7.3200e+03,9.7656e-05
7.3300e+03,9.7905e-05
7.3400e+03,9.8202e-05
7.3500e+03,9.8491e-05
7.3600e+03,9.8723e-05
7.3700e+03,9.8875e-05
7.3800e+03,9.8942e-05
7.3900e+03,9.8931e-05
7.4000e+03,9.8865e-05
7.4100e+03,9.8779e-05
7.4200e+03,9.8690e-05
7.4300e+03,9.8589e-05
7.4400e+03,9.8446e-05
7.4500e+03,9.8223e-05
7.4600e+03,9.7883e-05
7.4700e+03,9.7403e-05
7.4800e+03,9.6791e-05
7.4900e+03,9.6094e-05
7.5000e+03,9.5361e-05
7.5100e+03,9.4605e-05
7.5200e+03,9.3800e-05
7.5300e+03,9.2920e-05
7.5400e+03,9.1982e-05
7.5500e+03,9.1052e-05
7.5600e+03,9.0193e-05
7.5700e+03,8.9408e-05
7.5800e+03,8.8650e-05
7.5900e+03,8.7899e-05
7.6000e+03,8.7196e-05
7.6100e+03,8.6608e-05
7.6200e+03,8.6157e-05
7.6300e+03,8.5826e-05
7.6400e+03,8.5575e-05
7.6500e+03,8.5353e-05
7.6600e+03,8.5114e-05
7.6700e+03,8.4854e-05
7.6800e+03,8.4607e-05
7.6900e+03,8.4415e-05
7.7000e+03,8.4285e-05
7.7100e+03,8.4188e-05
7.7200e+03,8.4087e-05
7.7300e+03,8.3968e-05
7.7400e+03,8.3847e-05
7.7500e+03,8.3744e-05
7.7600e+03,8.3672e-05
7.7700e+03,8.3621e-05
7.7800e+03,8.3572e-05
7.7900e+03,8.3508e-05
7.8000e+03,8.3424e-05
7.8100e+03,8.3329e-05
7.8200e+03,8.3242e-05
7.8300e+03,8.3192e-05
7.8400e+03,8.3210e-05
7.8500e+03,8.3315e-05
7.8600e+03,8.3497e-05
7.8700e+03,8.3718e-05
7.8800e+03,8.3930e-05
7.8900e+03,8.4096e-05
7.9000e+03,8.4196e-05
7.9100e+03,8.4223e-05
7.9200e+03,8.4178e-05
7.9300e+03,8.4079e-05
7.9400e+03,8.3956e-05
7.9500e+03,8.3836e-05
7.9600e+03,8.3729e-05
7.9700e+03,8.3626e-05
7.9800e+03,8.3515e-05
7.9900e+03,8.3401e-05
8.0000e+03,8.3306e-05
8.0100e+03,8.3253e-05
8.0200e+03,8.3256e-05
8.0300e+03,8.3313e-05
8.0400e+03,8.3407e-05
8.0500e+03,8.3503e-05
8.0600e+03,8.3565e-05
8.0700e+03,8.3564e-05
8.0800e+03,8.3489e-05
8.0900e+03,8.3339e-05
8.1000e+03,8.3116e-05
8.1100e+03,8.2829e-05
8.1200e+03,8.2497e-05
8.1300e+03,8.2152e-05
8.1400e+03,8.1842e-05
8.1500e+03,8.1628e-05
8.1600e+03,8.1557e-05
8.1700e+03,8.1658e-05
8.1800e+03,8.1937e-05
8.1900e+03,8.2355e-05
8.2000e+03,8.2785e-05
8.2100e+03,8.3049e-05
8.2200e+03,8.3037e-05
8.2300e+03,8.2796e-05
8.2400e+03,8.2465e-05
8.2500e+03,8.2160e-05
8.2600e+03,8.1928e-05
8.2700e+03,8.1769e-05
8.2800e+03,8.1684e-05
8.2900e+03,8.1680e-05
8.3000e+03,8.1765e-05
8.3100e+03,8.1938e-05
8.3200e+03,8.2204e-05
8.3300e+03,8.2562e-05
8.3400e+03,8.2990e-05
8.3500e+03,8.3457e-05
8.3600e+03,8.3943e-05
8.3700e+03,8.4424e-05
8.3800e+03,8.4861e-05
8.3900e+03,8.5212e-05
8.4000e+03,8.5455e-05
8.4100e+03,8.5599e-05
8.4200e+03,8.5678e-05
8.4300e+03,8.5729e-05
8.4400e+03,8.5771e-05
8.4500e+03,8.5808e-05
8.4600e+03,8.5830e-05
8.4700e+03,8.5823e-05
8.4800e+03,8.5778e-05
8.4900e+03,8.5693e-05
8.5000e+03,8.5574e-05
8.5100e+03,8.5427e-05
8.5200e+03,8.5255e-05
8.5300e+03,8.5055e-05
8.5400e+03,8.4827e-05
8.5500e+03,8.4582e-05
8.5600e+03,8.4347e-05
8.5700e+03,8.4146e-05
8.5800e+03,8.3995e-05
8.5900e+03,8.3872e-05
8.6000e+03,8.3729e-05
8.6100e+03,8.3525e-05
8.6200e+03,8.3259e-05
8.6300e+03,8.2965e-05
8.6400e+03,8.2698e-05
8.6500e+03,8.2519e-05
8.6600e+03,8.2477e-05
8.6700e+03,8.2602e-05
8.6800e+03,8.2907e-05
8.6900e+03,8.3382e-05
8.7000e+03,8.3978e-05
8.7100e+03,8.4618e-05
8.7200e+03,8.5211e-05
8.7300e+03,8.5677e-05
8.7400e+03,8.5967e-05
8.7500e+03,8.6095e-05
8.7600e+03,8.6112e-05
8.7700e+03,8.6078e-05
8.7800e+03,8.6036e-05
8.7900e+03,8.6001e-05
8.8000e+03,8.5962e-05
8.8100e+03,8.5892e-05
8.8200e+03,8.5768e-05
8.8300e+03,8.5578e-05
8.8400e+03,8.5302e-05
8.8500e+03,8.4910e-05
8.8600e+03,8.4394e-05
8.8700e+03,8.3800e-05
8.8800e+03,8.3208e-05
8.8900e+03,8.2680e-05
8.9000e+03,8.2238e-05
8.9100e+03,8.1872e-05
8.9200e+03,8.1580e-05
8.9300e+03,8.1369e-05
8.9400e+03,8.1236e-05
8.9500e+03,8.1161e-05
8.9600e+03,8.1120e-05
8.9700e+03,8.1095e-05
8.9800e+03,8.1084e-05
8.9900e+03,8.1089e-05
9.0000e+03,8.1102e-05
9.0100e+03,8.1104e-05
9.0200e+03,8.1071e-05
9.0300e+03,8.0998e-05
9.0400e+03,8.0892e-05
9.0500e+03,8.0780e-05
9.0600e+03,8.0711e-05
9.0700e+03,8.0731e-05
9.0800e+03,8.0858e-05
9.0900e+03,8.1088e-05
9.1000e+03,8.1413e-05
9.1100e+03,8.1823e-05
9.1200e+03,8.2311e-05
9.1300e+03,8.2884e-05
9.1400e+03,8.3560e-05
9.1500e+03,8.4324e-05
9.1600e+03,8.5086e-05
9.1700e+03,8.5726e-05
9.1800e+03,8.6195e-05
9.1900e+03,8.6559e-05
9.2000e+03,8.6917e-05
9.2100e+03,8.7303e-05
9.2200e+03,8.7672e-05
9.2300e+03,8.7969e-05
9.2400e+03,8.8204e-05
9.2500e+03,8.8444e-05
9.2600e+03,8.8752e-05
9.2700e+03,8.9124e-05
9.2800e+03,8.9488e-05
9.2900e+03,8.9736e-05
9.3000e+03,8.9796e-05
9.3100e+03,8.9668e-05
9.3200e+03,8.9391e-05
9.3300e+03,8.8999e-05
9.3400e+03,8.8518e-05
9.3500e+03,8.7981e-05
9.3600e+03,8.7436e-05
9.3700e+03,8.6933e-05
9.3800e+03,8.6509e-05
9.3900e+03,8.6184e-05
9.4000e+03,8.5951e-05
9.4100e+03,8.5783e-05
9.4200e+03,8.5641e-05
9.4300e+03,8.5493e-05
9.4400e+03,8.5328e-05
9.4500e+03,8.5151e-05
9.4600e+03,8.4974e-05
9.4700e+03,8.4816e-05
9.4800e+03,8.4693e-05
9.4900e+03,8.4596e-05
9.5000e+03,8.4499e-05
9.5100e+03,8.4373e-05
9.5200e+03,8.4200e-05
9.5300e+03,8.3963e-05
9.5400e+03,8.3651e-05
9.5500e+03,8.3258e-05
9.5600e+03,8.2796e-05
9.5700e+03,8.2299e-05
9.5800e+03,8.1817e-05
9.5900e+03,8.1409e-05
9.6000e+03,8.1115e-05
9.6100e+03,8.0932e-05
9.6200e+03,8.0817e-05
9.6300e+03,8.0719e-05
9.6400e+03,8.0604e-05
9.6500e+03,8.0467e-05
9.6600e+03,8.0327e-05
9.6700e+03,8.0212e-05
9.6800e+03,8.0139e-05
9.6900e+03,8.0092e-05
9.7000e+03,8.0037e-05
9.7100e+03,7.9929e-05
9.7200e+03,7.9740e-05
9.7300e+03,7.9466e-05
9.7400e+03,7.9127e-05
9.7500e+03,7.8765e-05
9.7600e+03,7.8441e-05
9.7700e+03,7.8220e-05
9.7800e+03,7.8141e-05
9.7900e+03,7.8198e-05
9.8000e+03,7.8365e-05
9.8100e+03,7.8613e-05
9.8200e+03,7.8914e-05
9.8300e+03,7.9259e-05
9.8400e+03,7.9666e-05
9.8500e+03,8.0166e-05
9.8600e+03,8.0755e-05
9.8700e+03,8.1386e-05
9.8800e+03,8.1988e-05
9.8900e+03,8.2498e-05
9.9000e+03,8.2872e-05
9.9100e+03,8.3094e-05
9.9200e+03,8.3179e-05
9.9300e+03,8.3171e-05
9.9400e+03,8.3120e-05
9.9500e+03,8.3074e-05
9.9600e+03,8.3068e-05
9.9700e+03,8.3105e-05
9.9800e+03,8.3157e-05
9.9900e+03,8.3181e-05
1.0000e+04,8.3146e-05
