# Time , Side-Flux
0.0000e+00,0.0000e+00
1.0000e+01,8.9312e-08
2.0000e+01,1.5072e-07
3.0000e+01,1.8493e-07
4.0000e+01,2.0293e-07
5.0000e+01,2.1258e-07
6.0000e+01,2.1800e-07
7.0000e+01,2.2119e-07
8.0000e+01,2.2317e-07
9.0000e+01,2.2445e-07
1.0000e+02,2.2531e-07
1.1000e+02,2.2590e-07
1.2000e+02,2.2632e-07
1.3000e+02,2.2663e-07
1.4000e+02,2.2687e-07
1.5000e+02,2.2704e-07
1.6000e+02,2.2718e-07
1.7000e+02,2.2728e-07
1.8000e+02,2.2736e-07
1.9000e+02,2.2743e-07
2.0000e+02,2.2750e-07
2.1000e+02,2.2755e-07
2.2000e+02,2.2760e-07
2.3000e+02,2.2763e-07
2.4000e+02,2.2765e-07
2.5000e+02,2.2766e-07
2.6000e+02,2.2767e-07
2.7000e+02,2.2768e-07
2.8000e+02,2.2769e-07
2.9000e+02,2.2771e-07
3.0000e+02,2.2771e-07
3.1000e+02,2.2771e-07
3.2000e+02,2.2773e-07
3.3000e+02,2.2779e-07
3.4000e+02,2.2782e-07
3.5000e+02,2.2777e-07
3.6000e+02,2.2772e-07
3.7000e+02,2.2774e-07
3.8000e+02,2.2780e-07
3.9000e+02,2.2786e-07
4.0000e+02,2.2788e-07
4.1000e+02,2.2785e-07
4.2000e+02,2.2779e-07
4.3000e+02,2.2775e-07
4.4000e+02,2.2775e-07
4.5000e+02,2.2777e-07
4.6000e+02,2.2779e-07
4.7000e+02,2.2779e-07
4.8000e+02,2.2779e-07
4.9000e+02,2.2779e-07
5.0000e+02,2.2779e-07
5.1000e+02,2.2779e-07
5.2000e+02,2.2779e-07
5.3000e+02,2.2779e-07
5.4000e+02,2.2779e-07
5.5000e+02,2.2779e-07
5.6000e+02,2.2779e-07
5.7000e+02,2.2779e-07
5.8000e+02,2.2779e-07
5.9000e+02,2.2780e-07
6.0000e+02,2.2783e-07
6.1000e+02,2.2787e-07
6.2000e+02,2.2790e-07
6.3000e+02,2.2789e-07
6.4000e+02,2.2785e-07
6.5000e+02,2.2779e-07
6.6000e+02,2.2774e-07
6.7000e+02,2.2769e-07
6.8000e+02,2.2765e-07
6.9000e+02,2.2759e-07
7.0000e+02,2.2750e-07
7.1000e+02,2.2744e-07
7.2000e+02,2.2740e-07
7.3000e+02,2.2740e-07
7.4000e+02,2.2744e-07
7.5000e+02,2.2747e-07
7.6000e+02,2.2748e-07
7.7000e+02,2.2748e-07
7.8000e+02,2.2747e-07
7.9000e+02,2.2746e-07
8.0000e+02,2.2745e-07
8.1000e+02,2.2748e-07
8.2000e+02,2.2752e-07
8.3000e+02,2.2756e-07
8.4000e+02,2.2761e-07
8.5000e+02,2.2763e-07
8.6000e+02,2.2761e-07
8.7000e+02,2.2760e-07
8.8000e+02,2.2760e-07
8.9000e+02,2.2759e-07
9.0000e+02,2.2756e-07
9.1000e+02,2.2752e-07
9.2000e+02,2.2751e-07
9.3000e+02,2.2750e-07
9.4000e+02,2.2748e-07
9.5000e+02,2.2742e-07
9.6000e+02,2.2732e-07
9.7000e+02,2.2723e-07
9.8000e+02,2.2722e-07
9.9000e+02,2.2723e-07
1.0000e+03,2.2724e-07
1.0100e+03,2.2720e-07
1.0200e+03,2.2713e-07
1.0300e+03,2.2711e-07
1.0400e+03,2.2707e-07
1.0500e+03,2.2697e-07
1.0600e+03,2.2687e-07
1.0700e+03,2.2675e-07
1.0800e+03,2.2664e-07
1.0900e+03,2.2661e-07
1.1000e+03,2.2671e-07
1.1100e+03,2.2681e-07
1.1200e+03,2.2683e-07
1.1300e+03,2.2685e-07
1.1400e+03,2.2686e-07
1.1500e+03,2.2687e-07
1.1600e+03,2.2687e-07
1.1700e+03,2.2688e-07
1.1800e+03,2.2690e-07
1.1900e+03,2.2690e-07
1.2000e+03,2.2689e-07
1.2100e+03,2.2687e-07
1.2200e+03,2.2685e-07
1.2300e+03,2.2683e-07
1.2400e+03,2.2684e-07
1.2500e+03,2.2687e-07
1.2600e+03,2.2691e-07
1.2700e+03,2.2692e-07
1.2800e+03,2.2691e-07
1.2900e+03,2.2691e-07
1.3000e+03,2.2690e-07
1.3100e+03,2.2688e-07
1.3200e+03,2.2687e-07
1.3300e+03,2.2690e-07
1.3400e+03,2.2690e-07
1.3500e+03,2.2690e-07
1.3600e+03,2.2691e-07
1.3700e+03,2.2690e-07
1.3800e+03,2.2690e-07
1.3900e+03,2.2690e-07
1.4000e+03,2.2689e-07
1.4100e+03,2.2688e-07
1.4200e+03,2.2687e-07
1.4300e+03,2.2686e-07
1.4400e+03,2.2686e-07
1.4500e+03,2.2686e-07
1.4600e+03,2.2686e-07
1.4700e+03,2.2686e-07
1.4800e+03,2.2686e-07
1.4900e+03,2.2686e-07
1.5000e+03,2.2686e-07
1.5100e+03,2.2686e-07
1.5200e+03,2.2686e-07
1.5300e+03,2.2686e-07
1.5400e+03,2.2686e-07
1.5500e+03,2.2686e-07
1.5600e+03,2.2686e-07
1.5700e+03,2.2686e-07
1.5800e+03,2.2686e-07
1.5900e+03,2.2685e-07
1.6000e+03,2.2685e-07
1.6100e+03,2.2685e-07
1.6200e+03,2.2683e-07
1.6300e+03,2.2680e-07
1.6400e+03,2.2679e-07
1.6500e+03,2.2679e-07
1.6600e+03,2.2678e-07
1.6700e+03,2.2680e-07
1.6800e+03,2.2679e-07
1.6900e+03,2.2677e-07
1.7000e+03,2.2675e-07
1.7100e+03,2.2673e-07
1.7200e+03,2.2674e-07
1.7300e+03,2.2671e-07
1.7400e+03,2.2663e-07
1.7500e+03,2.2665e-07
1.7600e+03,2.2672e-07
1.7700e+03,2.2673e-07
1.7800e+03,2.2669e-07
1.7900e+03,2.2669e-07
1.8000e+03,2.2668e-07
1.8100e+03,2.2667e-07
1.8200e+03,2.2665e-07
1.8300e+03,2.2667e-07
1.8400e+03,2.2667e-07
1.8500e+03,2.2663e-07
1.8600e+03,2.2665e-07
1.8700e+03,2.2673e-07
1.8800e+03,2.2674e-07
1.8900e+03,2.2666e-07
1.9000e+03,2.2659e-07
1.9100e+03,2.2666e-07
1.9200e+03,2.2677e-07
1.9300e+03,2.2673e-07
1.9400e+03,2.2658e-07
1.9500e+03,2.2650e-07
1.9600e+03,2.2656e-07
1.9700e+03,2.2668e-07
1.9800e+03,2.2676e-07
1.9900e+03,2.2677e-07
2.0000e+03,2.2666e-07
2.0100e+03,2.2646e-07
2.0200e+03,2.2629e-07
2.0300e+03,2.2628e-07
2.0400e+03,2.2630e-07
2.0500e+03,2.2617e-07
2.0600e+03,2.2605e-07
2.0700e+03,2.2616e-07
2.0800e+03,2.2635e-07
2.0900e+03,2.2630e-07
2.1000e+03,2.2605e-07
2.1100e+03,2.2599e-07
2.1200e+03,2.2622e-07
2.1300e+03,2.2639e-07
2.1400e+03,2.2620e-07
2.1500e+03,2.2581e-07
2.1600e+03,2.2569e-07
2.1700e+03,2.2603e-07
2.1800e+03,2.2651e-07
2.1900e+03,2.2671e-07
2.2000e+03,2.2649e-07
2.2100e+03,2.2605e-07
2.2200e+03,2.2580e-07
2.2300e+03,2.2588e-07
2.2400e+03,2.2612e-07
2.2500e+03,2.2627e-07
2.2600e+03,2.2621e-07
2.2700e+03,2.2608e-07
2.2800e+03,2.2604e-07
2.2900e+03,2.2607e-07
2.3000e+03,2.2609e-07
2.3100e+03,2.2608e-07
2.3200e+03,2.2605e-07
2.3300e+03,2.2603e-07
2.3400e+03,2.2605e-07
2.3500e+03,2.2613e-07
2.3600e+03,2.2622e-07
2.3700e+03,2.2629e-07
2.3800e+03,2.2637e-07
2.3900e+03,2.2659e-07
2.4000e+03,2.2696e-07
2.4100e+03,2.2741e-07
2.4200e+03,2.2776e-07
2.4300e+03,2.2790e-07
2.4400e+03,2.2784e-07
2.4500e+03,2.2766e-07
2.4600e+03,2.2742e-07
2.4700e+03,2.2716e-07
2.4800e+03,2.2695e-07
2.4900e+03,2.2689e-07
2.5000e+03,2.2699e-07
2.5100e+03,2.2715e-07
2.5200e+03,2.2726e-07
2.5300e+03,2.2728e-07
2.5400e+03,2.2728e-07
2.5500e+03,2.2727e-07
2.5600e+03,2.2726e-07
2.5700e+03,2.2726e-07
2.5800e+03,2.2726e-07
2.5900e+03,2.2727e-07
2.6000e+03,2.2727e-07
2.6100e+03,2.2727e-07
2.6200e+03,2.2728e-07
2.6300e+03,2.2727e-07
2.6400e+03,2.2722e-07
2.6500e+03,2.2711e-07
2.6600e+03,2.2705e-07
2.6700e+03,2.2720e-07
2.6800e+03,2.2763e-07
2.6900e+03,2.2824e-07
2.7000e+03,2.2883e-07
2.7100e+03,2.2922e-07
2.7200e+03,2.2921e-07
2.7300e+03,2.2878e-07
2.7400e+03,2.2804e-07
2.7500e+03,2.2721e-07
2.7600e+03,2.2648e-07
2.7700e+03,2.2595e-07
2.7800e+03,2.2557e-07
2.7900e+03,2.2525e-07
2.8000e+03,2.2500e-07
2.8100e+03,2.2484e-07
2.8200e+03,2.2475e-07
2.8300e+03,2.2474e-07
2.8400e+03,2.2478e-07
2.8500e+03,2.2489e-07
2.8600e+03,2.2505e-07
2.8700e+03,2.2519e-07
2.8800e+03,2.2511e-07
2.8900e+03,2.2467e-07
2.9000e+03,2.2397e-07
2.9100e+03,2.2318e-07
2.9200e+03,2.2244e-07
2.9300e+03,2.2180e-07
2.9400e+03,2.2134e-07
2.9500e+03,2.2114e-07
2.9600e+03,2.2125e-07
2.9700e+03,2.2162e-07
2.9800e+03,2.2214e-07
2.9900e+03,2.2260e-07
3.0000e+03,2.2283e-07
3.0100e+03,2.2275e-07
3.0200e+03,2.2249e-07
3.0300e+03,2.2224e-07
3.0400e+03,2.2225e-07
3.0500e+03,2.2278e-07
3.0600e+03,2.2398e-07
3.0700e+03,2.2591e-07
3.0800e+03,2.2830e-07
3.0900e+03,2.3075e-07
3.1000e+03,2.3287e-07
3.1100e+03,2.3421e-07
3.1200e+03,2.3469e-07
3.1300e+03,2.3433e-07
3.1400e+03,2.3328e-07
3.1500e+03,2.3190e-07
3.1600e+03,2.3041e-07
3.1700e+03,2.2899e-07
3.1800e+03,2.2785e-07
3.1900e+03,2.2703e-07
3.2000e+03,2.2653e-07
3.2100e+03,2.2636e-07
3.2200e+03,2.2647e-07
3.2300e+03,2.2681e-07
3.2400e+03,2.2723e-07
3.2500e+03,2.2757e-07
3.2600e+03,2.2784e-07
3.2700e+03,2.2799e-07
3.2800e+03,2.2798e-07
3.2900e+03,2.2785e-07
3.3000e+03,2.2752e-07
3.3100e+03,2.2701e-07
3.3200e+03,2.2659e-07
3.3300e+03,2.2629e-07
3.3400e+03,2.2611e-07
3.3500e+03,2.2603e-07
3.3600e+03,2.2601e-07
3.3700e+03,2.2601e-07
3.3800e+03,2.2606e-07
3.3900e+03,2.2616e-07
3.4000e+03,2.2629e-07
3.4100e+03,2.2643e-07
3.4200e+03,2.2666e-07
3.4300e+03,2.2696e-07
3.4400e+03,2.2724e-07
3.4500e+03,2.2752e-07
3.4600e+03,2.2788e-07
3.4700e+03,2.2832e-07
3.4800e+03,2.2884e-07
3.4900e+03,2.2956e-07
3.5000e+03,2.3045e-07
3.5100e+03,2.3130e-07
3.5200e+03,2.3194e-07
3.5300e+03,2.3234e-07
3.5400e+03,2.3251e-07
3.5500e+03,2.3256e-07
3.5600e+03,2.3258e-07
3.5700e+03,2.3259e-07
3.5800e+03,2.3259e-07
3.5900e+03,2.3260e-07
3.6000e+03,2.3260e-07
3.6100e+03,2.3260e-07
3.6200e+03,2.3261e-07
3.6300e+03,2.3262e-07
3.6400e+03,2.3264e-07
3.6500e+03,2.3273e-07
3.6600e+03,2.3297e-07
3.6700e+03,2.3333e-07
3.6800e+03,2.3369e-07
3.6900e+03,2.3398e-07
3.7000e+03,2.3418e-07
3.7100e+03,2.3420e-07
3.7200e+03,2.3406e-07
3.7300e+03,2.3381e-07
3.7400e+03,2.3343e-07
3.7500e+03,2.3295e-07
3.7600e+03,2.3255e-07
3.7700e+03,2.3231e-07
3.7800e+03,2.3212e-07
3.7900e+03,2.3202e-07
3.8000e+03,2.3211e-07
3.8100e+03,2.3237e-07
3.8200e+03,2.3271e-07
3.8300e+03,2.3307e-07
3.8400e+03,2.3338e-07
3.8500e+03,2.3354e-07
3.8600e+03,2.3358e-07
3.8700e+03,2.3356e-07
3.8800e+03,2.3341e-07
3.8900e+03,2.3308e-07
3.9000e+03,2.3253e-07
3.9100e+03,2.3180e-07
3.9200e+03,2.3110e-07
3.9300e+03,2.3050e-07
3.9400e+03,2.2989e-07
3.9500e+03,2.2920e-07
3.9600e+03,2.2852e-07
3.9700e+03,2.2805e-07
3.9800e+03,2.2773e-07
3.9900e+03,2.2740e-07
4.0000e+03,2.2717e-07
4.0100e+03,2.2733e-07
4.0200e+03,2.2793e-07
4.0300e+03,2.2862e-07
4.0400e+03,2.2923e-07
4.0500e+03,2.3001e-07
4.0600e+03,2.3138e-07
4.0700e+03,2.3348e-07
4.0800e+03,2.3587e-07
4.0900e+03,2.3805e-07
4.1000e+03,2.4006e-07
4.1100e+03,2.4223e-07
4.1200e+03,2.4464e-07
4.1300e+03,2.4677e-07
4.1400e+03,2.4795e-07
4.1500e+03,2.4795e-07
4.1600e+03,2.4711e-07
4.1700e+03,2.4586e-07
4.1800e+03,2.4455e-07
4.1900e+03,2.4344e-07
4.2000e+03,2.4269e-07
4.2100e+03,2.4237e-07
4.2200e+03,2.4238e-07
4.2300e+03,2.4253e-07
4.2400e+03,2.4263e-07
4.2500e+03,2.4263e-07
4.2600e+03,2.4260e-07
4.2700e+03,2.4257e-07
4.2800e+03,2.4255e-07
4.2900e+03,2.4254e-07
4.3000e+03,2.4254e-07
4.3100e+03,2.4258e-07
4.3200e+03,2.4264e-07
4.3300e+03,2.4272e-07
4.3400e+03,2.4278e-07
4.3500e+03,2.4282e-07
4.3600e+03,2.4283e-07
4.3700e+03,2.4284e-07
4.3800e+03,2.4286e-07
4.3900e+03,2.4286e-07
4.4000e+03,2.4279e-07
4.4100e+03,2.4267e-07
4.4200e+03,2.4254e-07
4.4300e+03,2.4244e-07
4.4400e+03,2.4240e-07
4.4500e+03,2.4241e-07
4.4600e+03,2.4241e-07
4.4700e+03,2.4232e-07
4.4800e+03,2.4217e-07
4.4900e+03,2.4203e-07
4.5000e+03,2.4197e-07
4.5100e+03,2.4200e-07
4.5200e+03,2.4202e-07
4.5300e+03,2.4198e-07
4.5400e+03,2.4194e-07
4.5500e+03,2.4199e-07
4.5600e+03,2.4211e-07
4.5700e+03,2.4223e-07
4.5800e+03,2.4229e-07
4.5900e+03,2.4230e-07
4.6000e+03,2.4230e-07
4.6100e+03,2.4231e-07
4.6200e+03,2.4231e-07
4.6300e+03,2.4230e-07
4.6400e+03,2.4230e-07
4.6500e+03,2.4229e-07
4.6600e+03,2.4228e-07
4.6700e+03,2.4223e-07
4.6800e+03,2.4212e-07
4.6900e+03,2.4188e-07
4.7000e+03,2.4150e-07
4.7100e+03,2.4098e-07
4.7200e+03,2.4045e-07
4.7300e+03,2.4001e-07
4.7400e+03,2.3955e-07
4.7500e+03,2.3895e-07
4.7600e+03,2.3810e-07
4.7700e+03,2.3693e-07
4.7800e+03,2.3561e-07
4.7900e+03,2.3444e-07
4.8000e+03,2.3350e-07
4.8100e+03,2.3276e-07
4.8200e+03,2.3204e-07
4.8300e+03,2.3118e-07
4.8400e+03,2.3033e-07
4.8500e+03,2.2967e-07
4.8600e+03,2.2929e-07
4.8700e+03,2.2912e-07
4.8800e+03,2.2904e-07
4.8900e+03,2.2898e-07
4.9000e+03,2.2887e-07
4.9100e+03,2.2865e-07
4.9200e+03,2.2830e-07
4.9300e+03,2.2794e-07
4.9400e+03,2.2763e-07
4.9500e+03,2.2743e-07
4.9600e+03,2.2734e-07
4.9700e+03,2.2734e-07
4.9800e+03,2.2752e-07
4.9900e+03,2.2800e-07
5.0000e+03,2.2882e-07
5.0100e+03,2.2983e-07
5.0200e+03,2.3070e-07
5.0300e+03,2.3128e-07
5.0400e+03,2.3154e-07
5.0500e+03,2.3153e-07
5.0600e+03,2.3143e-07
5.0700e+03,2.3151e-07
5.0800e+03,2.3179e-07
5.0900e+03,2.3222e-07
5.1000e+03,2.3278e-07
5.1100e+03,2.3350e-07
5.1200e+03,2.3437e-07
5.1300e+03,2.3536e-07
5.1400e+03,2.3647e-07
5.1500e+03,2.3790e-07
5.1600e+03,2.3969e-07
5.1700e+03,2.4133e-07
5.1800e+03,2.4232e-07
5.1900e+03,2.4265e-07
5.2000e+03,2.4263e-07
5.2100e+03,2.4257e-07
5.2200e+03,2.4246e-07
5.2300e+03,2.4199e-07
5.2400e+03,2.4104e-07
5.2500e+03,2.3969e-07
5.2600e+03,2.3814e-07
5.2700e+03,2.3669e-07
5.2800e+03,2.3564e-07
5.2900e+03,2.3501e-07
5.3000e+03,2.3469e-07
5.3100e+03,2.3453e-07
5.3200e+03,2.3439e-07
5.3300e+03,2.3413e-07
5.3400e+03,2.3376e-07
5.3500e+03,2.3336e-07
5.3600e+03,2.3303e-07
5.3700e+03,2.3282e-07
5.3800e+03,2.3272e-07
5.3900e+03,2.3269e-07
5.4000e+03,2.3269e-07
5.4100e+03,2.3268e-07
5.4200e+03,2.3269e-07
5.4300e+03,2.3277e-07
5.4400e+03,2.3290e-07
5.4500e+03,2.3293e-07
5.4600e+03,2.3271e-07
5.4700e+03,2.3246e-07
5.4800e+03,2.3248e-07
5.4900e+03,2.3253e-07
5.5000e+03,2.3246e-07
5.5100e+03,2.3250e-07
5.5200e+03,2.3272e-07
5.5300e+03,2.3303e-07
5.5400e+03,2.3334e-07
5.5500e+03,2.3354e-07
5.5600e+03,2.3353e-07
5.5700e+03,2.3334e-07
5.5800e+03,2.3313e-07
5.5900e+03,2.3298e-07
5.6000e+03,2.3290e-07
5.6100e+03,2.3287e-07
5.6200e+03,2.3287e-07
5.6300e+03,2.3288e-07
5.6400e+03,2.3289e-07
5.6500e+03,2.3290e-07
5.6600e+03,2.3291e-07
5.6700e+03,2.3292e-07
5.6800e+03,2.3292e-07
5.6900e+03,2.3293e-07
5.7000e+03,2.3294e-07
5.7100e+03,2.3294e-07
5.7200e+03,2.3294e-07
5.7300e+03,2.3295e-07
5.7400e+03,2.3305e-07
5.7500e+03,2.3326e-07
5.7600e+03,2.3347e-07
5.7700e+03,2.3351e-07
5.7800e+03,2.3342e-07
5.7900e+03,2.3317e-07
5.8000e+03,2.3266e-07
5.8100e+03,2.3182e-07
5.8200e+03,2.3096e-07
5.8300e+03,2.3064e-07
5.8400e+03,2.3113e-07
5.8500e+03,2.3209e-07
5.8600e+03,2.3307e-07
5.8700e+03,2.3392e-07
5.8800e+03,2.3453e-07
5.8900e+03,2.3480e-07
5.9000e+03,2.3487e-07
5.9100e+03,2.3491e-07
5.9200e+03,2.3494e-07
5.9300e+03,2.3494e-07
5.9400e+03,2.3488e-07
5.9500e+03,2.3484e-07
5.9600e+03,2.3494e-07
5.9700e+03,2.3518e-07
5.9800e+03,2.3538e-07
5.9900e+03,2.3542e-07
6.0000e+03,2.3528e-07
6.0100e+03,2.3495e-07
6.0200e+03,2.3444e-07
6.0300e+03,2.3391e-07
6.0400e+03,2.3360e-07
6.0500e+03,2.3350e-07
6.0600e+03,2.3338e-07
6.0700e+03,2.3316e-07
6.0800e+03,2.3291e-07
6.0900e+03,2.3279e-07
6.1000e+03,2.3278e-07
6.1100e+03,2.3252e-07
6.1200e+03,2.3185e-07
6.1300e+03,2.3093e-07
6.1400e+03,2.2997e-07
6.1500e+03,2.2883e-07
6.1600e+03,2.2749e-07
6.1700e+03,2.2661e-07
6.1800e+03,2.2658e-07
6.1900e+03,2.2703e-07
6.2000e+03,2.2737e-07
6.2100e+03,2.2727e-07
6.2200e+03,2.2691e-07
6.2300e+03,2.2638e-07
6.2400e+03,2.2552e-07
6.2500e+03,2.2423e-07
6.2600e+03,2.2276e-07
6.2700e+03,2.2154e-07
6.2800e+03,2.2071e-07
6.2900e+03,2.2020e-07
6.3000e+03,2.1995e-07
6.3100e+03,2.1984e-07
6.3200e+03,2.1975e-07
6.3300e+03,2.1966e-07
6.3400e+03,2.1958e-07
6.3500e+03,2.1949e-07
6.3600e+03,2.1934e-07
6.3700e+03,2.1909e-07
6.3800e+03,2.1873e-07
6.3900e+03,2.1836e-07
6.4000e+03,2.1817e-07
6.4100e+03,2.1814e-07
6.4200e+03,2.1817e-07
6.4300e+03,2.1819e-07
6.4400e+03,2.1818e-07
6.4500e+03,2.1819e-07
6.4600e+03,2.1821e-07
6.4700e+03,2.1826e-07
6.4800e+03,2.1830e-07
6.4900e+03,2.1838e-07
6.5000e+03,2.1874e-07
6.5100e+03,2.1946e-07
6.5200e+03,2.2038e-07
6.5300e+03,2.2121e-07
6.5400e+03,2.2189e-07
6.5500e+03,2.2265e-07
6.5600e+03,2.2352e-07
6.5700e+03,2.2437e-07
6.5800e+03,2.2497e-07
6.5900e+03,2.2514e-07
6.6000e+03,2.2502e-07
6.6100e+03,2.2488e-07
6.6200e+03,2.2483e-07
6.6300e+03,2.2483e-07
6.6400e+03,2.2483e-07
6.6500e+03,2.2483e-07
6.6600e+03,2.2483e-07
6.6700e+03,2.2481e-07
6.6800e+03,2.2479e-07
6.6900e+03,2.2478e-07
6.7000e+03,2.2477e-07
6.7100e+03,2.2476e-07
6.7200e+03,2.2476e-07
6.7300e+03,2.2475e-07
6.7400e+03,2.2472e-07
6.7500e+03,2.2466e-07
6.7600e+03,2.2459e-07
6.7700e+03,2.2445e-07
6.7800e+03,2.2416e-07
6.7900e+03,2.2371e-07
6.8000e+03,2.2320e-07
6.8100e+03,2.2275e-07
6.8200e+03,2.2238e-07
6.8300e+03,2.2196e-07
6.8400e+03,2.2135e-07
6.8500e+03,2.2061e-07
6.8600e+03,2.1990e-07
6.8700e+03,2.1936e-07
6.8800e+03,2.1906e-07
6.8900e+03,2.1897e-07
6.9000e+03,2.1899e-07
6.9100e+03,2.1904e-07
6.9200e+03,2.1907e-07
6.9300e+03,2.1907e-07
6.9400e+03,2.1904e-07
6.9500e+03,2.1898e-07
6.9600e+03,2.1900e-07
6.9700e+03,2.1926e-07
6.9800e+03,2.1982e-07
6.9900e+03,2.2058e-07
7.0000e+03,2.2136e-07
7.0100e+03,2.2207e-07
7.0200e+03,2.2267e-07
7.0300e+03,2.2321e-07
7.0400e+03,2.2370e-07
7.0500e+03,2.2407e-07
7.0600e+03,2.2425e-07
7.0700e+03,2.2429e-07
7.0800e+03,2.2437e-07
7.0900e+03,2.2460e-07
7.1000e+03,2.2494e-07
7.1100e+03,2.2532e-07
7.1200e+03,2.2561e-07
7.1300e+03,2.2569e-07
7.1400e+03,2.2592e-07
7.1500e+03,2.2708e-07
7.1600e+03,2.2956e-07
7.1700e+03,2.3307e-07
7.1800e+03,2.3671e-07
7.1900e+03,2.3981e-07
7.2000e+03,2.4221e-07
7.2100e+03,2.4390e-07
7.2200e+03,2.4533e-07
7.2300e+03,2.4670e-07
7.2400e+03,2.4770e-07
7.2500e+03,2.4827e-07
7.2600e+03,2.4859e-07
7.2700e+03,2.4879e-07
7.2800e+03,2.4893e-07
7.2900e+03,2.4901e-07
7.3000e+03,2.4905e-07
7.3100e+03,2.4907e-07
7.3200e+03,2.4913e-07
7.3300e+03,2.4919e-07
7.3400e+03,2.4919e-07
7.3500e+03,2.4897e-07
7.3600e+03,2.4853e-07
7.3700e+03,2.4801e-07
7.3800e+03,2.4758e-07
7.3900e+03,2.4736e-07
7.4000e+03,2.4733e-07
7.4100e+03,2.4738e-07
7.4200e+03,2.4748e-07
7.4300e+03,2.4755e-07
7.4400e+03,2.4758e-07
7.4500e+03,2.4760e-07
7.4600e+03,2.4762e-07
7.4700e+03,2.4766e-07
7.4800e+03,2.4771e-07
7.4900e+03,2.4790e-07
7.5000e+03,2.4838e-07
7.5100e+03,2.4917e-07
7.5200e+03,2.5006e-07
7.5300e+03,2.5083e-07
7.5400e+03,2.5150e-07
7.5500e+03,2.5207e-07
7.5600e+03,2.5243e-07
7.5700e+03,2.5254e-07
7.5800e+03,2.5255e-07
7.5900e+03,2.5259e-07
7.6000e+03,2.5277e-07
7.6100e+03,2.5303e-07
7.6200e+03,2.5324e-07
7.6300e+03,2.5335e-07
7.6400e+03,2.5343e-07
7.6500e+03,2.5354e-07
7.6600e+03,2.5364e-07
7.6700e+03,2.5371e-07
7.6800e+03,2.5374e-07
7.6900e+03,2.5375e-07
7.7000e+03,2.5374e-07
7.7100e+03,2.5373e-07
7.7200e+03,2.5372e-07
7.7300e+03,2.5372e-07
7.7400e+03,2.5372e-07
7.7500e+03,2.5373e-07
7.7600e+03,2.5373e-07
7.7700e+03,2.5369e-07
7.7800e+03,2.5356e-07
7.7900e+03,2.5333e-07
7.8000e+03,2.5302e-07
7.8100e+03,2.5280e-07
7.8200e+03,2.5287e-07
7.8300e+03,2.5325e-07
7.8400e+03,2.5379e-07
7.8500e+03,2.5436e-07
7.8600e+03,2.5481e-07
7.8700e+03,2.5508e-07
7.8800e+03,2.5522e-07
7.8900e+03,2.5548e-07
7.9000e+03,2.5603e-07
7.9100e+03,2.5682e-07
7.9200e+03,2.5773e-07
7.9300e+03,2.5868e-07
7.9400e+03,2.5946e-07
7.9500e+03,2.5997e-07
7.9600e+03,2.6028e-07
7.9700e+03,2.6043e-07
7.9800e+03,2.6044e-07
7.9900e+03,2.6041e-07
8.0000e+03,2.6041e-07
8.0100e+03,2.6045e-07
8.0200e+03,2.6043e-07
8.0300e+03,2.6037e-07
8.0400e+03,2.6026e-07
8.0500e+03,2.5996e-07
8.0600e+03,2.5943e-07
8.0700e+03,2.5864e-07
8.0800e+03,2.5763e-07
8.0900e+03,2.5653e-07
8.1000e+03,2.5543e-07
8.1100e+03,2.5432e-07
8.1200e+03,2.5327e-07
8.1300e+03,2.5242e-07
8.1400e+03,2.5173e-07
8.1500e+03,2.5098e-07
8.1600e+03,2.4995e-07
8.1700e+03,2.4853e-07
8.1800e+03,2.4678e-07
8.1900e+03,2.4488e-07
8.2000e+03,2.4289e-07
8.2100e+03,2.4065e-07
8.2200e+03,2.3811e-07
8.2300e+03,2.3561e-07
8.2400e+03,2.3364e-07
8.2500e+03,2.3244e-07
8.2600e+03,2.3181e-07
8.2700e+03,2.3137e-07
8.2800e+03,2.3093e-07
8.2900e+03,2.3060e-07
8.3000e+03,2.3051e-07
8.3100e+03,2.3066e-07
8.3200e+03,2.3114e-07
8.3300e+03,2.3199e-07
8.3400e+03,2.3305e-07
8.3500e+03,2.3409e-07
8.3600e+03,2.3488e-07
8.3700e+03,2.3530e-07
8.3800e+03,2.3539e-07
8.3900e+03,2.3532e-07
8.4000e+03,2.3523e-07
8.4100e+03,2.3518e-07
8.4200e+03,2.3519e-07
8.4300e+03,2.3520e-07
8.4400e+03,2.3519e-07
8.4500e+03,2.3514e-07
8.4600e+03,2.3508e-07
8.4700e+03,2.3502e-07
8.4800e+03,2.3495e-07
8.4900e+03,2.3487e-07
8.5000e+03,2.3476e-07
8.5100e+03,2.3460e-07
8.5200e+03,2.3442e-07
8.5300e+03,2.3429e-07
8.5400e+03,2.3420e-07
8.5500e+03,2.3412e-07
8.5600e+03,2.3402e-07
8.5700e+03,2.3395e-07
8.5800e+03,2.3401e-07
8.5900e+03,2.3422e-07
8.6000e+03,2.3446e-07
8.6100e+03,2.3465e-07
8.6200e+03,2.3483e-07
8.6300e+03,2.3508e-07
8.6400e+03,2.3544e-07
8.6500e+03,2.3575e-07
8.6600e+03,2.3587e-07
8.6700e+03,2.3587e-07
8.6800e+03,2.3584e-07
8.6900e+03,2.3583e-07
8.7000e+03,2.3584e-07
8.7100e+03,2.3584e-07
8.7200e+03,2.3584e-07
8.7300e+03,2.3584e-07
8.7400e+03,2.3584e-07
8.7500e+03,2.3584e-07
8.7600e+03,2.3583e-07
8.7700e+03,2.3583e-07
8.7800e+03,2.3581e-07
8.7900e+03,2.3571e-07
8.8000e+03,2.3548e-07
8.8100e+03,2.3514e-07
8.8200e+03,2.3476e-07
8.8300e+03,2.3437e-07
8.8400e+03,2.3407e-07
8.8500e+03,2.3390e-07
8.8600e+03,2.3376e-07
8.8700e+03,2.3349e-07
8.8800e+03,2.3307e-07
8.8900e+03,2.3264e-07
8.9000e+03,2.3237e-07
8.9100e+03,2.3235e-07
8.9200e+03,2.3254e-07
8.9300e+03,2.3279e-07
8.9400e+03,2.3300e-07
8.9500e+03,2.3313e-07
8.9600e+03,2.3315e-07
8.9700e+03,2.3307e-07
8.9800e+03,2.3296e-07
8.9900e+03,2.3289e-07
9.0000e+03,2.3286e-07
9.0100e+03,2.3287e-07
9.0200e+03,2.3287e-07
9.0300e+03,2.3286e-07
9.0400e+03,2.3282e-07
9.0500e+03,2.3275e-07
9.0600e+03,2.3263e-07
9.0700e+03,2.3243e-07
9.0800e+03,2.3208e-07
9.0900e+03,2.3159e-07
9.1000e+03,2.3111e-07
9.1100e+03,2.3088e-07
9.1200e+03,2.3105e-07
9.1300e+03,2.3158e-07
9.1400e+03,2.3228e-07
9.1500e+03,2.3283e-07
9.1600e+03,2.3307e-07
9.1700e+03,2.3299e-07
9.1800e+03,2.3279e-07
9.1900e+03,2.3273e-07
9.2000e+03,2.3309e-07
9.2100e+03,2.3388e-07
9.2200e+03,2.3490e-07
9.2300e+03,2.3605e-07
9.2400e+03,2.3729e-07
9.2500e+03,2.3858e-07
9.2600e+03,2.3985e-07
9.2700e+03,2.4111e-07
9.2800e+03,2.4253e-07
9.2900e+03,2.4430e-07
9.3000e+03,2.4635e-07
9.3100e+03,2.4831e-07
9.3200e+03,2.4975e-07
9.3300e+03,2.5069e-07
9.3400e+03,2.5138e-07
9.3500e+03,2.5187e-07
9.3600e+03,2.5209e-07
9.3700e+03,2.5214e-07
9.3800e+03,2.5218e-07
9.3900e+03,2.5234e-07
9.4000e+03,2.5247e-07
9.4100e+03,2.5237e-07
9.4200e+03,2.5205e-07
9.4300e+03,2.5166e-07
9.4400e+03,2.5131e-07
9.4500e+03,2.5113e-07
9.4600e+03,2.5126e-07
9.4700e+03,2.5165e-07
9.4800e+03,2.5205e-07
9.4900e+03,2.5226e-07
9.5000e+03,2.5230e-07
9.5100e+03,2.5229e-07
9.5200e+03,2.5229e-07
9.5300e+03,2.5228e-07
9.5400e+03,2.5224e-07
9.5500e+03,2.5223e-07
9.5600e+03,2.5226e-07
9.5700e+03,2.5219e-07
9.5800e+03,2.5195e-07
9.5900e+03,2.5179e-07
9.6000e+03,2.5197e-07
9.6100e+03,2.5241e-07
9.6200e+03,2.5295e-07
9.6300e+03,2.5350e-07
9.6400e+03,2.5389e-07
9.6500e+03,2.5401e-07
9.6600e+03,2.5403e-07
9.6700e+03,2.5428e-07
9.6800e+03,2.5477e-07
9.6900e+03,2.5521e-07
9.7000e+03,2.5543e-07
9.7100e+03,2.5549e-07
9.7200e+03,2.5550e-07
9.7300e+03,2.5552e-07
9.7400e+03,2.5553e-07
9.7500e+03,2.5553e-07
9.7600e+03,2.5554e-07
9.7700e+03,2.5555e-07
9.7800e+03,2.5555e-07
9.7900e+03,2.5555e-07
9.8000e+03,2.5555e-07
9.8100e+03,2.5556e-07
9.8200e+03,2.5553e-07
9.8300e+03,2.5539e-07
9.8400e+03,2.5504e-07
9.8500e+03,2.5455e-07
9.8600e+03,2.5397e-07
9.8700e+03,2.5338e-07
9.8800e+03,2.5296e-07
9.8900e+03,2.5281e-07
9.9000e+03,2.5284e-07
9.9100e+03,2.5284e-07
9.9200e+03,2.5269e-07
9.9300e+03,2.5246e-07
9.9400e+03,2.5232e-07
9.9500e+03,2.5235e-07
9.9600e+03,2.5257e-07
9.9700e+03,2.5289e-07
9.9800e+03,2.5330e-07
9.9900e+03,2.5386e-07
1.0000e+04,2.5461e-07
