# Time , Side-Flux
0.0000e+00,0.0000e+00
1.0000e+01,1.8824e-11
2.0000e+01,3.7535e-11
3.0000e+01,5.6026e-11
4.0000e+01,7.4192e-11
5.0000e+01,9.1939e-11
6.0000e+01,1.0918e-10
7.0000e+01,1.2585e-10
8.0000e+01,1.4188e-10
9.0000e+01,1.5722e-10
1.0000e+02,1.7184e-10
1.1000e+02,1.8573e-10
1.2000e+02,1.9886e-10
1.3000e+02,2.1123e-10
1.4000e+02,2.2286e-10
1.5000e+02,2.3376e-10
1.6000e+02,2.4395e-10
1.7000e+02,2.5346e-10
1.8000e+02,2.6231e-10
1.9000e+02,2.7054e-10
2.0000e+02,2.7818e-10
2.1000e+02,2.8527e-10
2.2000e+02,2.9183e-10
2.3000e+02,2.9791e-10
2.4000e+02,3.0353e-10
2.5000e+02,3.0873e-10
2.6000e+02,3.1353e-10
2.7000e+02,3.1797e-10
2.8000e+02,3.2207e-10
2.9000e+02,3.2585e-10
3.0000e+02,3.2935e-10
3.1000e+02,3.3257e-10
3.2000e+02,3.3555e-10
3.3000e+02,3.3829e-10
3.4000e+02,3.4083e-10
3.5000e+02,3.4316e-10
3.6000e+02,3.4532e-10
3.7000e+02,3.4732e-10
3.8000e+02,3.4916e-10
3.9000e+02,3.5086e-10
4.0000e+02,3.5243e-10
4.1000e+02,3.5389e-10
4.2000e+02,3.5524e-10
4.3000e+02,3.5649e-10
4.4000e+02,3.5766e-10
4.5000e+02,3.5875e-10
4.6000e+02,3.5976e-10
4.7000e+02,3.6071e-10
4.8000e+02,3.6161e-10
4.9000e+02,3.6245e-10
5.0000e+02,3.6325e-10
5.1000e+02,3.6400e-10
5.2000e+02,3.6472e-10
5.3000e+02,3.6541e-10
5.4000e+02,3.6607e-10
5.5000e+02,3.6670e-10
5.6000e+02,3.6731e-10
5.7000e+02,3.6790e-10
5.8000e+02,3.6847e-10
5.9000e+02,3.6903e-10
6.0000e+02,3.6957e-10
6.1000e+02,3.7010e-10
6.2000e+02,3.7062e-10
6.3000e+02,3.7113e-10
6.4000e+02,3.7164e-10
6.5000e+02,3.7214e-10
6.6000e+02,3.7264e-10
6.7000e+02,3.7315e-10
6.8000e+02,3.7365e-10
6.9000e+02,3.7416e-10
7.0000e+02,3.7467e-10
7.1000e+02,3.7518e-10
7.2000e+02,3.7570e-10
7.3000e+02,3.7622e-10
7.4000e+02,3.7674e-10
7.5000e+02,3.7725e-10
7.6000e+02,3.7776e-10
7.7000e+02,3.7826e-10
7.8000e+02,3.7874e-10
7.9000e+02,3.7920e-10
8.0000e+02,3.7964e-10
8.1000e+02,3.8004e-10
8.2000e+02,3.8041e-10
8.3000e+02,3.8075e-10
8.4000e+02,3.8104e-10
8.5000e+02,3.8129e-10
8.6000e+02,3.8149e-10
8.7000e+02,3.8165e-10
8.8000e+02,3.8177e-10
8.9000e+02,3.8184e-10
9.0000e+02,3.8187e-10
9.1000e+02,3.8187e-10
9.2000e+02,3.8183e-10
9.3000e+02,3.8178e-10
9.4000e+02,3.8171e-10
9.5000e+02,3.8163e-10
9.6000e+02,3.8154e-10
9.7000e+02,3.8147e-10
9.8000e+02,3.8141e-10
9.9000e+02,3.8138e-10
1.0000e+03,3.8137e-10
1.0100e+03,3.8140e-10
1.0200e+03,3.8148e-10
1.0300e+03,3.8160e-10
1.0400e+03,3.8178e-10
1.0500e+03,3.8200e-10
1.0600e+03,3.8229e-10
1.0700e+03,3.8263e-10
1.0800e+03,3.8303e-10
1.0900e+03,3.8348e-10
1.1000e+03,3.8398e-10
1.1100e+03,3.8453e-10
1.1200e+03,3.8512e-10
1.1300e+03,3.8575e-10
1.1400e+03,3.8641e-10
1.1500e+03,3.8709e-10
1.1600e+03,3.8780e-10
1.1700e+03,3.8852e-10
1.1800e+03,3.8926e-10
1.1900e+03,3.9000e-10
1.2000e+03,3.9073e-10
1.2100e+03,3.9146e-10
1.2200e+03,3.9218e-10
1.2300e+03,3.9289e-10
1.2400e+03,3.9357e-10
1.2500e+03,3.9424e-10
1.2600e+03,3.9487e-10
1.2700e+03,3.9548e-10
1.2800e+03,3.9606e-10
1.2900e+03,3.9660e-10
1.3000e+03,3.9711e-10
1.3100e+03,3.9758e-10
1.3200e+03,3.9801e-10
1.3300e+03,3.9841e-10
1.3400e+03,3.9877e-10
1.3500e+03,3.9909e-10
1.3600e+03,3.9937e-10
1.3700e+03,3.9962e-10
1.3800e+03,3.9984e-10
1.3900e+03,4.0002e-10
1.4000e+03,4.0017e-10
1.4100e+03,4.0030e-10
1.4200e+03,4.0040e-10
1.4300e+03,4.0047e-10
1.4400e+03,4.0052e-10
1.4500e+03,4.0055e-10
1.4600e+03,4.0056e-10
1.4700e+03,4.0055e-10
1.4800e+03,4.0053e-10
1.4900e+03,4.0048e-10
1.5000e+03,4.0042e-10
1.5100e+03,4.0035e-10
1.5200e+03,4.0026e-10
1.5300e+03,4.0015e-10
1.5400e+03,4.0003e-10
1.5500e+03,3.9990e-10
1.5600e+03,3.9975e-10
1.5700e+03,3.9958e-10
1.5800e+03,3.9940e-10
1.5900e+03,3.9920e-10
1.6000e+03,3.9899e-10
1.6100e+03,3.9877e-10
1.6200e+03,3.9853e-10
1.6300e+03,3.9828e-10
1.6400e+03,3.9802e-10
1.6500e+03,3.9775e-10
1.6600e+03,3.9746e-10
1.6700e+03,3.9717e-10
1.6800e+03,3.9687e-10
1.6900e+03,3.9657e-10
1.7000e+03,3.9626e-10
1.7100e+03,3.9596e-10
1.7200e+03,3.9565e-10
1.7300e+03,3.9534e-10
1.7400e+03,3.9503e-10
1.7500e+03,3.9473e-10
1.7600e+03,3.9444e-10
1.7700e+03,3.9415e-10
1.7800e+03,3.9386e-10
1.7900e+03,3.9358e-10
1.8000e+03,3.9331e-10
1.8100e+03,3.9304e-10
1.8200e+03,3.9278e-10
1.8300e+03,3.9252e-10
1.8400e+03,3.9227e-10
1.8500e+03,3.9202e-10
1.8600e+03,3.9176e-10
1.8700e+03,3.9151e-10
1.8800e+03,3.9126e-10
1.8900e+03,3.9100e-10
1.9000e+03,3.9074e-10
1.9100e+03,3.9048e-10
1.9200e+03,3.9021e-10
1.9300e+03,3.8994e-10
1.9400e+03,3.8966e-10
1.9500e+03,3.8938e-10
1.9600e+03,3.8909e-10
1.9700e+03,3.8881e-10
1.9800e+03,3.8852e-10
1.9900e+03,3.8823e-10
2.0000e+03,3.8794e-10
2.0100e+03,3.8765e-10
2.0200e+03,3.8737e-10
2.0300e+03,3.8710e-10
2.0400e+03,3.8683e-10
2.0500e+03,3.8658e-10
2.0600e+03,3.8634e-10
2.0700e+03,3.8611e-10
2.0800e+03,3.8590e-10
2.0900e+03,3.8571e-10
2.1000e+03,3.8554e-10
2.1100e+03,3.8540e-10
2.1200e+03,3.8528e-10
2.1300e+03,3.8519e-10
2.1400e+03,3.8512e-10
2.1500e+03,3.8509e-10
2.1600e+03,3.8508e-10
2.1700e+03,3.8509e-10
2.1800e+03,3.8514e-10
2.1900e+03,3.8521e-10
2.2000e+03,3.8531e-10
2.2100e+03,3.8542e-10
2.2200e+03,3.8556e-10
2.2300e+03,3.8572e-10
2.2400e+03,3.8589e-10
2.2500e+03,3.8608e-10
2.2600e+03,3.8628e-10
2.2700e+03,3.8648e-10
2.2800e+03,3.8669e-10
2.2900e+03,3.8691e-10
2.3000e+03,3.8713e-10
2.3100e+03,3.8735e-10
2.3200e+03,3.8757e-10
2.3300e+03,3.8778e-10
2.3400e+03,3.8799e-10
2.3500e+03,3.8820e-10
2.3600e+03,3.8840e-10
2.3700e+03,3.8860e-10
2.3800e+03,3.8879e-10
2.3900e+03,3.8897e-10
2.4000e+03,3.8914e-10
2.4100e+03,3.8930e-10
2.4200e+03,3.8946e-10
2.4300e+03,3.8961e-10
2.4400e+03,3.8975e-10
2.4500e+03,3.8989e-10
2.4600e+03,3.9001e-10
2.4700e+03,3.9013e-10
2.4800e+03,3.9024e-10
2.4900e+03,3.9035e-10
2.5000e+03,3.9044e-10
2.5100e+03,3.9053e-10
2.5200e+03,3.9061e-10
2.5300e+03,3.9069e-10
2.5400e+03,3.9076e-10
2.5500e+03,3.9082e-10
2.5600e+03,3.9087e-10
2.5700e+03,3.9092e-10
2.5800e+03,3.9096e-10
2.5900e+03,3.9099e-10
2.6000e+03,3.9102e-10
2.6100e+03,3.9104e-10
2.6200e+03,3.9106e-10
2.6300e+03,3.9107e-10
2.6400e+03,3.9108e-10
2.6500e+03,3.9108e-10
2.6600e+03,3.9108e-10
2.6700e+03,3.9107e-10
2.6800e+03,3.9107e-10
2.6900e+03,3.9106e-10
2.7000e+03,3.9105e-10
2.7100e+03,3.9104e-10
2.7200e+03,3.9104e-10
2.7300e+03,3.9103e-10
2.7400e+03,3.9103e-10
2.7500e+03,3.9104e-10
2.7600e+03,3.9105e-10
2.7700e+03,3.9107e-10
2.7800e+03,3.9109e-10
2.7900e+03,3.9113e-10
2.8000e+03,3.9117e-10
2.8100e+03,3.9122e-10
2.8200e+03,3.9129e-10
2.8300e+03,3.9137e-10
2.8400e+03,3.9146e-10
2.8500e+03,3.9156e-10
2.8600e+03,3.9168e-10
2.8700e+03,3.9181e-10
2.8800e+03,3.9196e-10
2.8900e+03,3.9211e-10
2.9000e+03,3.9229e-10
2.9100e+03,3.9247e-10
2.9200e+03,3.9267e-10
2.9300e+03,3.9288e-10
2.9400e+03,3.9310e-10
2.9500e+03,3.9333e-10
2.9600e+03,3.9356e-10
2.9700e+03,3.9381e-10
2.9800e+03,3.9405e-10
2.9900e+03,3.9431e-10
3.0000e+03,3.9456e-10
3.0100e+03,3.9482e-10
3.0200e+03,3.9507e-10
3.0300e+03,3.9533e-10
3.0400e+03,3.9558e-10
3.0500e+03,3.9583e-10
3.0600e+03,3.9607e-10
3.0700e+03,3.9632e-10
3.0800e+03,3.9655e-10
3.0900e+03,3.9679e-10
3.1000e+03,3.9702e-10
3.1100e+03,3.9724e-10
3.1200e+03,3.9747e-10
3.1300e+03,3.9769e-10
3.1400e+03,3.9791e-10
3.1500e+03,3.9812e-10
3.1600e+03,3.9834e-10
3.1700e+03,3.9856e-10
3.1800e+03,3.9877e-10
3.1900e+03,3.9899e-10
3.2000e+03,3.9920e-10
3.2100e+03,3.9942e-10
3.2200e+03,3.9963e-10
3.2300e+03,3.9985e-10
3.2400e+03,4.0007e-10
3.2500e+03,4.0028e-10
3.2600e+03,4.0049e-10
3.2700e+03,4.0070e-10
3.2800e+03,4.0090e-10
3.2900e+03,4.0111e-10
3.3000e+03,4.0130e-10
3.3100e+03,4.0149e-10
3.3200e+03,4.0168e-10
3.3300e+03,4.0186e-10
3.3400e+03,4.0203e-10
3.3500e+03,4.0220e-10
3.3600e+03,4.0236e-10
3.3700e+03,4.0251e-10
3.3800e+03,4.0265e-10
3.3900e+03,4.0279e-10
3.4000e+03,4.0292e-10
3.4100e+03,4.0304e-10
3.4200e+03,4.0316e-10
3.4300e+03,4.0327e-10
3.4400e+03,4.0337e-10
3.4500e+03,4.0346e-10
3.4600e+03,4.0355e-10
3.4700e+03,4.0363e-10
3.4800e+03,4.0370e-10
3.4900e+03,4.0377e-10
3.5000e+03,4.0383e-10
3.5100e+03,4.0388e-10
3.5200e+03,4.0392e-10
3.5300e+03,4.0396e-10
3.5400e+03,4.0399e-10
3.5500e+03,4.0402e-10
3.5600e+03,4.0404e-10
3.5700e+03,4.0405e-10
3.5800e+03,4.0406e-10
3.5900e+03,4.0406e-10
3.6000e+03,4.0405e-10
3.6100e+03,4.0404e-10
3.6200e+03,4.0402e-10
3.6300e+03,4.0400e-10
3.6400e+03,4.0397e-10
3.6500e+03,4.0394e-10
3.6600e+03,4.0390e-10
3.6700e+03,4.0385e-10
3.6800e+03,4.0379e-10
3.6900e+03,4.0373e-10
3.7000e+03,4.0366e-10
3.7100e+03,4.0359e-10
3.7200e+03,4.0351e-10
3.7300e+03,4.0342e-10
3.7400e+03,4.0333e-10
3.7500e+03,4.0323e-10
3.7600e+03,4.0313e-10
3.7700e+03,4.0303e-10
3.7800e+03,4.0292e-10
3.7900e+03,4.0280e-10
3.8000e+03,4.0269e-10
3.8100e+03,4.0258e-10
3.8200e+03,4.0246e-10
3.8300e+03,4.0234e-10
3.8400e+03,4.0223e-10
3.8500e+03,4.0212e-10
3.8600e+03,4.0201e-10
3.8700e+03,4.0191e-10
3.8800e+03,4.0181e-10
3.8900e+03,4.0171e-10
3.9000e+03,4.0163e-10
3.9100e+03,4.0155e-10
3.9200e+03,4.0148e-10
3.9300e+03,4.0142e-10
3.9400e+03,4.0137e-10
3.9500e+03,4.0133e-10
3.9600e+03,4.0129e-10
3.9700e+03,4.0127e-10
3.9800e+03,4.0125e-10
3.9900e+03,4.0123e-10
4.0000e+03,4.0123e-10
4.0100e+03,4.0122e-10
4.0200e+03,4.0123e-10
4.0300e+03,4.0123e-10
4.0400e+03,4.0124e-10
4.0500e+03,4.0124e-10
4.0600e+03,4.0125e-10
4.0700e+03,4.0126e-10
4.0800e+03,4.0127e-10
4.0900e+03,4.0128e-10
4.1000e+03,4.0129e-10
4.1100e+03,4.0129e-10
4.1200e+03,4.0130e-10
4.1300e+03,4.0131e-10
4.1400e+03,4.0131e-10
4.1500e+03,4.0131e-10
4.1600e+03,4.0132e-10
4.1700e+03,4.0132e-10
4.1800e+03,4.0132e-10
4.1900e+03,4.0132e-10
4.2000e+03,4.0132e-10
4.2100e+03,4.0132e-10
4.2200e+03,4.0132e-10
4.2300e+03,4.0132e-10
4.2400e+03,4.0132e-10
4.2500e+03,4.0132e-10
4.2600e+03,4.0132e-10
4.2700e+03,4.0132e-10
4.2800e+03,4.0132e-10
4.2900e+03,4.0132e-10
4.3000e+03,4.0132e-10
4.3100e+03,4.0132e-10
4.3200e+03,4.0132e-10
4.3300e+03,4.0132e-10
4.3400e+03,4.0132e-10
4.3500e+03,4.0132e-10
4.3600e+03,4.0132e-10
4.3700e+03,4.0132e-10
4.3800e+03,4.0132e-10
4.3900e+03,4.0132e-10
4.4000e+03,4.0132e-10
4.4100e+03,4.0132e-10
4.4200e+03,4.0132e-10
4.4300e+03,4.0132e-10
4.4400e+03,4.0132e-10
4.4500e+03,4.0132e-10
4.4600e+03,4.0132e-10
4.4700e+03,4.0132e-10
4.4800e+03,4.0133e-10
4.4900e+03,4.0133e-10
4.5000e+03,4.0133e-10
4.5100e+03,4.0133e-10
4.5200e+03,4.0133e-10
4.5300e+03,4.0133e-10
4.5400e+03,4.0133e-10
4.5500e+03,4.0133e-10
4.5600e+03,4.0133e-10
4.5700e+03,4.0133e-10
4.5800e+03,4.0133e-10
4.5900e+03,4.0132e-10
4.6000e+03,4.0132e-10
4.6100e+03,4.0132e-10
4.6200e+03,4.0132e-10
4.6300e+03,4.0132e-10
4.6400e+03,4.0132e-10
4.6500e+03,4.0131e-10
4.6600e+03,4.0131e-10
4.6700e+03,4.0130e-10
4.6800e+03,4.0130e-10
4.6900e+03,4.0130e-10
4.7000e+03,4.0129e-10
4.7100e+03,4.0128e-10
4.7200e+03,4.0127e-10
4.7300e+03,4.0126e-10
4.7400e+03,4.0125e-10
4.7500e+03,4.0123e-10
4.7600e+03,4.0122e-10
4.7700e+03,4.0119e-10
4.7800e+03,4.0117e-10
4.7900e+03,4.0114e-10
4.8000e+03,4.0110e-10
4.8100e+03,4.0106e-10
4.8200e+03,4.0102e-10
4.8300e+03,4.0097e-10
4.8400e+03,4.0092e-10
4.8500e+03,4.0087e-10
4.8600e+03,4.0081e-10
4.8700e+03,4.0076e-10
4.8800e+03,4.0070e-10
4.8900e+03,4.0065e-10
4.9000e+03,4.0061e-10
4.9100e+03,4.0058e-10
4.9200e+03,4.0056e-10
4.9300e+03,4.0056e-10
4.9400e+03,4.0057e-10
4.9500e+03,4.0061e-10
4.9600e+03,4.0067e-10
4.9700e+03,4.0075e-10
4.9800e+03,4.0086e-10
4.9900e+03,4.0100e-10
5.0000e+03,4.0116e-10
5.0100e+03,4.0134e-10
5.0200e+03,4.0154e-10
5.0300e+03,4.0177e-10
5.0400e+03,4.0201e-10
5.0500e+03,4.0226e-10
5.0600e+03,4.0251e-10
5.0700e+03,4.0276e-10
5.0800e+03,4.0301e-10
5.0900e+03,4.0324e-10
5.1000e+03,4.0345e-10
5.1100e+03,4.0365e-10
5.1200e+03,4.0381e-10
5.1300e+03,4.0395e-10
5.1400e+03,4.0405e-10
5.1500e+03,4.0413e-10
5.1600e+03,4.0417e-10
5.1700e+03,4.0418e-10
5.1800e+03,4.0418e-10
5.1900e+03,4.0415e-10
5.2000e+03,4.0411e-10
5.2100e+03,4.0406e-10
5.2200e+03,4.0400e-10
5.2300e+03,4.0395e-10
5.2400e+03,4.0392e-10
5.2500e+03,4.0390e-10
5.2600e+03,4.0390e-10
5.2700e+03,4.0392e-10
5.2800e+03,4.0398e-10
5.2900e+03,4.0406e-10
5.3000e+03,4.0417e-10
5.3100e+03,4.0431e-10
5.3200e+03,4.0448e-10
5.3300e+03,4.0467e-10
5.3400e+03,4.0488e-10
5.3500e+03,4.0511e-10
5.3600e+03,4.0534e-10
5.3700e+03,4.0558e-10
5.3800e+03,4.0582e-10
5.3900e+03,4.0604e-10
5.4000e+03,4.0625e-10
5.4100e+03,4.0644e-10
5.4200e+03,4.0661e-10
5.4300e+03,4.0675e-10
5.4400e+03,4.0686e-10
5.4500e+03,4.0694e-10
5.4600e+03,4.0698e-10
5.4700e+03,4.0700e-10
5.4800e+03,4.0698e-10
5.4900e+03,4.0693e-10
5.5000e+03,4.0686e-10
5.5100e+03,4.0677e-10
5.5200e+03,4.0666e-10
5.5300e+03,4.0654e-10
5.5400e+03,4.0641e-10
5.5500e+03,4.0627e-10
5.5600e+03,4.0614e-10
5.5700e+03,4.0601e-10
5.5800e+03,4.0589e-10
5.5900e+03,4.0579e-10
5.6000e+03,4.0570e-10
5.6100e+03,4.0563e-10
5.6200e+03,4.0557e-10
5.6300e+03,4.0554e-10
5.6400e+03,4.0553e-10
5.6500e+03,4.0554e-10
5.6600e+03,4.0557e-10
5.6700e+03,4.0562e-10
5.6800e+03,4.0569e-10
5.6900e+03,4.0578e-10
5.7000e+03,4.0588e-10
5.7100e+03,4.0600e-10
5.7200e+03,4.0613e-10
5.7300e+03,4.0626e-10
5.7400e+03,4.0640e-10
5.7500e+03,4.0653e-10
5.7600e+03,4.0666e-10
5.7700e+03,4.0679e-10
5.7800e+03,4.0690e-10
5.7900e+03,4.0699e-10
5.8000e+03,4.0706e-10
5.8100e+03,4.0711e-10
5.8200e+03,4.0713e-10
5.8300e+03,4.0712e-10
5.8400e+03,4.0707e-10
5.8500e+03,4.0700e-10
5.8600e+03,4.0688e-10
5.8700e+03,4.0674e-10
5.8800e+03,4.0656e-10
5.8900e+03,4.0635e-10
5.9000e+03,4.0611e-10
5.9100e+03,4.0585e-10
5.9200e+03,4.0558e-10
5.9300e+03,4.0528e-10
5.9400e+03,4.0498e-10
5.9500e+03,4.0467e-10
5.9600e+03,4.0437e-10
5.9700e+03,4.0407e-10
5.9800e+03,4.0378e-10
5.9900e+03,4.0351e-10
6.0000e+03,4.0327e-10
6.0100e+03,4.0304e-10
6.0200e+03,4.0285e-10
6.0300e+03,4.0268e-10
6.0400e+03,4.0254e-10
6.0500e+03,4.0243e-10
6.0600e+03,4.0236e-10
6.0700e+03,4.0230e-10
6.0800e+03,4.0228e-10
6.0900e+03,4.0227e-10
6.1000e+03,4.0227e-10
6.1100e+03,4.0229e-10
6.1200e+03,4.0231e-10
6.1300e+03,4.0232e-10
6.1400e+03,4.0233e-10
6.1500e+03,4.0233e-10
6.1600e+03,4.0230e-10
6.1700e+03,4.0225e-10
6.1800e+03,4.0217e-10
6.1900e+03,4.0206e-10
6.2000e+03,4.0191e-10
6.2100e+03,4.0173e-10
6.2200e+03,4.0151e-10
6.2300e+03,4.0127e-10
6.2400e+03,4.0099e-10
6.2500e+03,4.0068e-10
6.2600e+03,4.0036e-10
6.2700e+03,4.0001e-10
6.2800e+03,3.9966e-10
6.2900e+03,3.9930e-10
6.3000e+03,3.9894e-10
6.3100e+03,3.9859e-10
6.3200e+03,3.9826e-10
6.3300e+03,3.9794e-10
6.3400e+03,3.9766e-10
6.3500e+03,3.9740e-10
6.3600e+03,3.9719e-10
6.3700e+03,3.9701e-10
6.3800e+03,3.9688e-10
6.3900e+03,3.9680e-10
6.4000e+03,3.9677e-10
6.4100e+03,3.9678e-10
6.4200e+03,3.9685e-10
6.4300e+03,3.9696e-10
6.4400e+03,3.9713e-10
6.4500e+03,3.9733e-10
6.4600e+03,3.9759e-10
6.4700e+03,3.9787e-10
6.4800e+03,3.9820e-10
6.4900e+03,3.9855e-10
6.5000e+03,3.9893e-10
6.5100e+03,3.9933e-10
6.5200e+03,3.9975e-10
6.5300e+03,4.0017e-10
6.5400e+03,4.0060e-10
6.5500e+03,4.0103e-10
6.5600e+03,4.0145e-10
6.5700e+03,4.0187e-10
6.5800e+03,4.0227e-10
6.5900e+03,4.0265e-10
6.6000e+03,4.0302e-10
6.6100e+03,4.0336e-10
6.6200e+03,4.0368e-10
6.6300e+03,4.0397e-10
6.6400e+03,4.0423e-10
6.6500e+03,4.0446e-10
6.6600e+03,4.0467e-10
6.6700e+03,4.0484e-10
6.6800e+03,4.0498e-10
6.6900e+03,4.0509e-10
6.7000e+03,4.0517e-10
6.7100e+03,4.0521e-10
6.7200e+03,4.0522e-10
6.7300e+03,4.0520e-10
6.7400e+03,4.0515e-10
6.7500e+03,4.0506e-10
6.7600e+03,4.0494e-10
6.7700e+03,4.0479e-10
6.7800e+03,4.0460e-10
6.7900e+03,4.0439e-10
6.8000e+03,4.0414e-10
6.8100e+03,4.0386e-10
6.8200e+03,4.0356e-10
6.8300e+03,4.0323e-10
6.8400e+03,4.0288e-10
6.8500e+03,4.0251e-10
6.8600e+03,4.0213e-10
6.8700e+03,4.0173e-10
6.8800e+03,4.0133e-10
6.8900e+03,4.0092e-10
6.9000e+03,4.0051e-10
6.9100e+03,4.0011e-10
6.9200e+03,3.9971e-10
6.9300e+03,3.9933e-10
6.9400e+03,3.9897e-10
6.9500e+03,3.9862e-10
6.9600e+03,3.9831e-10
6.9700e+03,3.9803e-10
6.9800e+03,3.9778e-10
6.9900e+03,3.9757e-10
7.0000e+03,3.9741e-10
7.0100e+03,3.9729e-10
7.0200e+03,3.9723e-10
7.0300e+03,3.9721e-10
7.0400e+03,3.9725e-10
7.0500e+03,3.9736e-10
7.0600e+03,3.9752e-10
7.0700e+03,3.9774e-10
7.0800e+03,3.9802e-10
7.0900e+03,3.9837e-10
7.1000e+03,3.9878e-10
7.1100e+03,3.9925e-10
7.1200e+03,3.9979e-10
7.1300e+03,4.0038e-10
7.1400e+03,4.0103e-10
7.1500e+03,4.0174e-10
7.1600e+03,4.0250e-10
7.1700e+03,4.0330e-10
7.1800e+03,4.0415e-10
7.1900e+03,4.0504e-10
7.2000e+03,4.0597e-10
7.2100e+03,4.0693e-10
7.2200e+03,4.0791e-10
7.2300e+03,4.0892e-10
7.2400e+03,4.0995e-10
7.2500e+03,4.1099e-10
7.2600e+03,4.1204e-10
7.2700e+03,4.1309e-10
7.2800e+03,4.1415e-10
7.2900e+03,4.1520e-10
7.3000e+03,4.1625e-10
7.3100e+03,4.1729e-10
7.3200e+03,4.1831e-10
7.3300e+03,4.1932e-10
7.3400e+03,4.2031e-10
7.3500e+03,4.2127e-10
7.3600e+03,4.2222e-10
7.3700e+03,4.2313e-10
7.3800e+03,4.2402e-10
7.3900e+03,4.2487e-10
7.4000e+03,4.2570e-10
7.4100e+03,4.2649e-10
7.4200e+03,4.2725e-10
7.4300e+03,4.2796e-10
7.4400e+03,4.2865e-10
7.4500e+03,4.2929e-10
7.4600e+03,4.2990e-10
7.4700e+03,4.3046e-10
7.4800e+03,4.3099e-10
7.4900e+03,4.3147e-10
7.5000e+03,4.3192e-10
7.5100e+03,4.3232e-10
7.5200e+03,4.3269e-10
7.5300e+03,4.3302e-10
7.5400e+03,4.3331e-10
7.5500e+03,4.3356e-10
7.5600e+03,4.3378e-10
7.5700e+03,4.3397e-10
7.5800e+03,4.3413e-10
7.5900e+03,4.3425e-10
7.6000e+03,4.3435e-10
7.6100e+03,4.3443e-10
7.6200e+03,4.3448e-10
7.6300e+03,4.3451e-10
7.6400e+03,4.3453e-10
7.6500e+03,4.3452e-10
7.6600e+03,4.3450e-10
7.6700e+03,4.3447e-10
7.6800e+03,4.3443e-10
7.6900e+03,4.3438e-10
7.7000e+03,4.3432e-10
7.7100e+03,4.3425e-10
7.7200e+03,4.3418e-10
7.7300e+03,4.3410e-10
7.7400e+03,4.3403e-10
7.7500e+03,4.3395e-10
7.7600e+03,4.3388e-10
7.7700e+03,4.3380e-10
7.7800e+03,4.3374e-10
7.7900e+03,4.3368e-10
7.8000e+03,4.3362e-10
7.8100e+03,4.3358e-10
7.8200e+03,4.3355e-10
7.8300e+03,4.3353e-10
7.8400e+03,4.3353e-10
7.8500e+03,4.3355e-10
7.8600e+03,4.3358e-10
7.8700e+03,4.3364e-10
7.8800e+03,4.3372e-10
7.8900e+03,4.3382e-10
7.9000e+03,4.3395e-10
7.9100e+03,4.3411e-10
7.9200e+03,4.3429e-10
7.9300e+03,4.3450e-10
7.9400e+03,4.3474e-10
7.9500e+03,4.3501e-10
7.9600e+03,4.3531e-10
7.9700e+03,4.3564e-10
7.9800e+03,4.3599e-10
7.9900e+03,4.3637e-10
8.0000e+03,4.3678e-10
8.0100e+03,4.3722e-10
8.0200e+03,4.3767e-10
8.0300e+03,4.3815e-10
8.0400e+03,4.3865e-10
8.0500e+03,4.3916e-10
8.0600e+03,4.3969e-10
8.0700e+03,4.4023e-10
8.0800e+03,4.4078e-10
8.0900e+03,4.4134e-10
8.1000e+03,4.4189e-10
8.1100e+03,4.4245e-10
8.1200e+03,4.4299e-10
8.1300e+03,4.4352e-10
8.1400e+03,4.4404e-10
8.1500e+03,4.4453e-10
8.1600e+03,4.4499e-10
8.1700e+03,4.4542e-10
8.1800e+03,4.4581e-10
8.1900e+03,4.4616e-10
8.2000e+03,4.4645e-10
8.2100e+03,4.4669e-10
8.2200e+03,4.4687e-10
8.2300e+03,4.4699e-10
8.2400e+03,4.4704e-10
8.2500e+03,4.4702e-10
8.2600e+03,4.4692e-10
8.2700e+03,4.4675e-10
8.2800e+03,4.4650e-10
8.2900e+03,4.4617e-10
8.3000e+03,4.4576e-10
8.3100e+03,4.4528e-10
8.3200e+03,4.4471e-10
8.3300e+03,4.4406e-10
8.3400e+03,4.4335e-10
8.3500e+03,4.4256e-10
8.3600e+03,4.4170e-10
8.3700e+03,4.4079e-10
8.3800e+03,4.3981e-10
8.3900e+03,4.3878e-10
8.4000e+03,4.3771e-10
8.4100e+03,4.3659e-10
8.4200e+03,4.3543e-10
8.4300e+03,4.3424e-10
8.4400e+03,4.3302e-10
8.4500e+03,4.3178e-10
8.4600e+03,4.3052e-10
8.4700e+03,4.2924e-10
8.4800e+03,4.2795e-10
8.4900e+03,4.2666e-10
8.5000e+03,4.2536e-10
8.5100e+03,4.2407e-10
8.5200e+03,4.2278e-10
8.5300e+03,4.2151e-10
8.5400e+03,4.2025e-10
8.5500e+03,4.1901e-10
8.5600e+03,4.1779e-10
8.5700e+03,4.1661e-10
8.5800e+03,4.1545e-10
8.5900e+03,4.1433e-10
8.6000e+03,4.1325e-10
8.6100e+03,4.1221e-10
8.6200e+03,4.1121e-10
8.6300e+03,4.1025e-10
8.6400e+03,4.0933e-10
8.6500e+03,4.0845e-10
8.6600e+03,4.0761e-10
8.6700e+03,4.0681e-10
8.6800e+03,4.0604e-10
8.6900e+03,4.0531e-10
8.7000e+03,4.0461e-10
8.7100e+03,4.0395e-10
8.7200e+03,4.0331e-10
8.7300e+03,4.0271e-10
8.7400e+03,4.0213e-10
8.7500e+03,4.0159e-10
8.7600e+03,4.0107e-10
8.7700e+03,4.0059e-10
8.7800e+03,4.0013e-10
8.7900e+03,3.9971e-10
8.8000e+03,3.9932e-10
8.8100e+03,3.9898e-10
8.8200e+03,3.9867e-10
8.8300e+03,3.9840e-10
8.8400e+03,3.9817e-10
8.8500e+03,3.9800e-10
8.8600e+03,3.9787e-10
8.8700e+03,3.9779e-10
8.8800e+03,3.9776e-10
8.8900e+03,3.9779e-10
8.9000e+03,3.9787e-10
8.9100e+03,3.9801e-10
8.9200e+03,3.9820e-10
8.9300e+03,3.9845e-10
8.9400e+03,3.9875e-10
8.9500e+03,3.9912e-10
8.9600e+03,3.9953e-10
8.9700e+03,4.0001e-10
8.9800e+03,4.0055e-10
8.9900e+03,4.0114e-10
9.0000e+03,4.0179e-10
9.0100e+03,4.0249e-10
9.0200e+03,4.0326e-10
9.0300e+03,4.0408e-10
9.0400e+03,4.0496e-10
9.0500e+03,4.0589e-10
9.0600e+03,4.0688e-10
9.0700e+03,4.0791e-10
9.0800e+03,4.0899e-10
9.0900e+03,4.1011e-10
9.1000e+03,4.1127e-10
9.1100e+03,4.1246e-10
9.1200e+03,4.1368e-10
9.1300e+03,4.1492e-10
9.1400e+03,4.1618e-10
9.1500e+03,4.1744e-10
9.1600e+03,4.1871e-10
9.1700e+03,4.1998e-10
9.1800e+03,4.2124e-10
9.1900e+03,4.2249e-10
9.2000e+03,4.2372e-10
9.2100e+03,4.2493e-10
9.2200e+03,4.2611e-10
9.2300e+03,4.2726e-10
9.2400e+03,4.2838e-10
9.2500e+03,4.2947e-10
9.2600e+03,4.3051e-10
9.2700e+03,4.3151e-10
9.2800e+03,4.3247e-10
9.2900e+03,4.3338e-10
9.3000e+03,4.3423e-10
9.3100e+03,4.3504e-10
9.3200e+03,4.3578e-10
9.3300e+03,4.3647e-10
9.3400e+03,4.3709e-10
9.3500e+03,4.3765e-10
9.3600e+03,4.3815e-10
9.3700e+03,4.3859e-10
9.3800e+03,4.3896e-10
9.3900e+03,4.3927e-10
9.4000e+03,4.3953e-10
9.4100e+03,4.3973e-10
9.4200e+03,4.3988e-10
9.4300e+03,4.3998e-10
9.4400e+03,4.4004e-10
9.4500e+03,4.4007e-10
9.4600e+03,4.4006e-10
9.4700e+03,4.4003e-10
9.4800e+03,4.3997e-10
9.4900e+03,4.3990e-10
9.5000e+03,4.3981e-10
9.5100e+03,4.3972e-10
9.5200e+03,4.3963e-10
9.5300e+03,4.3953e-10
9.5400e+03,4.3944e-10
9.5500e+03,4.3935e-10
9.5600e+03,4.3927e-10
9.5700e+03,4.3919e-10
9.5800e+03,4.3913e-10
9.5900e+03,4.3907e-10
9.6000e+03,4.3902e-10
9.6100e+03,4.3898e-10
9.6200e+03,4.3896e-10
9.6300e+03,4.3894e-10
9.6400e+03,4.3894e-10
9.6500e+03,4.3894e-10
9.6600e+03,4.3896e-10
9.6700e+03,4.3898e-10
9.6800e+03,4.3901e-10
9.6900e+03,4.3905e-10
9.7000e+03,4.3910e-10
9.7100e+03,4.3916e-10
9.7200e+03,4.3923e-10
9.7300e+03,4.3930e-10
9.7400e+03,4.3938e-10
9.7500e+03,4.3946e-10
9.7600e+03,4.3955e-10
9.7700e+03,4.3965e-10
9.7800e+03,4.3975e-10
9.7900e+03,4.3985e-10
9.8000e+03,4.3995e-10
9.8100e+03,4.4006e-10
9.8200e+03,4.4017e-10
9.8300e+03,4.4027e-10
9.8400e+03,4.4038e-10
9.8500e+03,4.4049e-10
9.8600e+03,4.4059e-10
9.8700e+03,4.4069e-10
9.8800e+03,4.4079e-10
9.8900e+03,4.4089e-10
9.9000e+03,4.4099e-10
9.9100e+03,4.4108e-10
9.9200e+03,4.4118e-10
9.9300e+03,4.4127e-10
9.9400e+03,4.4136e-10
9.9500e+03,4.4145e-10
9.9600e+03,4.4155e-10
9.9700e+03,4.4164e-10
9.9800e+03,4.4174e-10
9.9900e+03,4.4183e-10
1.0000e+04,4.4193e-10
