# Time , Side-Flux
0.0000e+00,0.0000e+00
1.0000e+01,7.9987e-10
2.0000e+01,1.5969e-09
3.0000e+01,2.3885e-09
4.0000e+01,3.1718e-09
5.0000e+01,3.9443e-09
6.0000e+01,4.7038e-09
7.0000e+01,5.4479e-09
8.0000e+01,6.1748e-09
9.0000e+01,6.8827e-09
1.0000e+02,7.5702e-09
1.1000e+02,8.2360e-09
1.2000e+02,8.8791e-09
1.3000e+02,9.4989e-09
1.4000e+02,1.0095e-08
1.5000e+02,1.0667e-08
1.6000e+02,1.1214e-08
1.7000e+02,1.1737e-08
1.8000e+02,1.2237e-08
1.9000e+02,1.2713e-08
2.0000e+02,1.3166e-08
2.1000e+02,1.3596e-08
2.2000e+02,1.4005e-08
2.3000e+02,1.4393e-08
2.4000e+02,1.4761e-08
2.5000e+02,1.5109e-08
2.6000e+02,1.5438e-08
2.7000e+02,1.5750e-08
2.8000e+02,1.6045e-08
2.9000e+02,1.6323e-08
3.0000e+02,1.6586e-08
3.1000e+02,1.6835e-08
3.2000e+02,1.7070e-08
3.3000e+02,1.7292e-08
3.4000e+02,1.7501e-08
3.5000e+02,1.7699e-08
3.6000e+02,1.7886e-08
3.7000e+02,1.8063e-08
3.8000e+02,1.8230e-08
3.9000e+02,1.8388e-08
4.0000e+02,1.8538e-08
4.1000e+02,1.8679e-08
4.2000e+02,1.8814e-08
4.3000e+02,1.8941e-08
4.4000e+02,1.9061e-08
4.5000e+02,1.9176e-08
4.6000e+02,1.9285e-08
4.7000e+02,1.9388e-08
4.8000e+02,1.9487e-08
4.9000e+02,1.9582e-08
5.0000e+02,1.9672e-08
5.1000e+02,1.9758e-08
5.2000e+02,1.9840e-08
5.3000e+02,1.9920e-08
5.4000e+02,1.9996e-08
5.5000e+02,2.0069e-08
5.6000e+02,2.0140e-08
5.7000e+02,2.0208e-08
5.8000e+02,2.0275e-08
5.9000e+02,2.0339e-08
6.0000e+02,2.0401e-08
6.1000e+02,2.0461e-08
6.2000e+02,2.0520e-08
6.3000e+02,2.0577e-08
6.4000e+02,2.0633e-08
6.5000e+02,2.0687e-08
6.6000e+02,2.0741e-08
6.7000e+02,2.0793e-08
6.8000e+02,2.0844e-08
6.9000e+02,2.0894e-08
7.0000e+02,2.0943e-08
7.1000e+02,2.0991e-08
7.2000e+02,2.1038e-08
7.3000e+02,2.1084e-08
7.4000e+02,2.1129e-08
7.5000e+02,2.1173e-08
7.6000e+02,2.1217e-08
7.7000e+02,2.1259e-08
7.8000e+02,2.1301e-08
7.9000e+02,2.1341e-08
8.0000e+02,2.1380e-08
8.1000e+02,2.1419e-08
8.2000e+02,2.1456e-08
8.3000e+02,2.1491e-08
8.4000e+02,2.1526e-08
8.5000e+02,2.1559e-08
8.6000e+02,2.1591e-08
8.7000e+02,2.1622e-08
8.8000e+02,2.1651e-08
8.9000e+02,2.1679e-08
9.0000e+02,2.1706e-08
9.1000e+02,2.1732e-08
9.2000e+02,2.1756e-08
9.3000e+02,2.1780e-08
9.4000e+02,2.1803e-08
9.5000e+02,2.1825e-08
9.6000e+02,2.1847e-08
9.7000e+02,2.1869e-08
9.8000e+02,2.1891e-08
9.9000e+02,2.1912e-08
1.0000e+03,2.1934e-08
1.0100e+03,2.1957e-08
1.0200e+03,2.1980e-08
1.0300e+03,2.2004e-08
1.0400e+03,2.2029e-08
1.0500e+03,2.2056e-08
1.0600e+03,2.2083e-08
1.0700e+03,2.2112e-08
1.0800e+03,2.2142e-08
1.0900e+03,2.2174e-08
1.1000e+03,2.2207e-08
1.1100e+03,2.2241e-08
1.1200e+03,2.2277e-08
1.1300e+03,2.2314e-08
1.1400e+03,2.2352e-08
1.1500e+03,2.2391e-08
1.1600e+03,2.2431e-08
1.1700e+03,2.2472e-08
1.1800e+03,2.2513e-08
1.1900e+03,2.2554e-08
1.2000e+03,2.2596e-08
1.2100e+03,2.2637e-08
1.2200e+03,2.2678e-08
1.2300e+03,2.2719e-08
1.2400e+03,2.2759e-08
1.2500e+03,2.2798e-08
1.2600e+03,2.2836e-08
1.2700e+03,2.2873e-08
1.2800e+03,2.2908e-08
1.2900e+03,2.2942e-08
1.3000e+03,2.2975e-08
1.3100e+03,2.3006e-08
1.3200e+03,2.3035e-08
1.3300e+03,2.3062e-08
1.3400e+03,2.3088e-08
1.3500e+03,2.3111e-08
1.3600e+03,2.3133e-08
1.3700e+03,2.3153e-08
1.3800e+03,2.3170e-08
1.3900e+03,2.3186e-08
1.4000e+03,2.3200e-08
1.4100e+03,2.3211e-08
1.4200e+03,2.3221e-08
1.4300e+03,2.3229e-08
1.4400e+03,2.3236e-08
1.4500e+03,2.3240e-08
1.4600e+03,2.3243e-08
1.4700e+03,2.3244e-08
1.4800e+03,2.3243e-08
1.4900e+03,2.3241e-08
1.5000e+03,2.3237e-08
1.5100e+03,2.3232e-08
1.5200e+03,2.3226e-08
1.5300e+03,2.3218e-08
1.5400e+03,2.3209e-08
1.5500e+03,2.3199e-08
1.5600e+03,2.3187e-08
1.5700e+03,2.3175e-08
1.5800e+03,2.3161e-08
1.5900e+03,2.3147e-08
1.6000e+03,2.3131e-08
1.6100e+03,2.3115e-08
1.6200e+03,2.3098e-08
1.6300e+03,2.3080e-08
1.6400e+03,2.3062e-08
1.6500e+03,2.3042e-08
1.6600e+03,2.3023e-08
1.6700e+03,2.3003e-08
1.6800e+03,2.2982e-08
1.6900e+03,2.2961e-08
1.7000e+03,2.2940e-08
1.7100e+03,2.2919e-08
1.7200e+03,2.2897e-08
1.7300e+03,2.2876e-08
1.7400e+03,2.2854e-08
1.7500e+03,2.2833e-08
1.7600e+03,2.2811e-08
1.7700e+03,2.2789e-08
1.7800e+03,2.2768e-08
1.7900e+03,2.2747e-08
1.8000e+03,2.2726e-08
1.8100e+03,2.2705e-08
1.8200e+03,2.2684e-08
1.8300e+03,2.2664e-08
1.8400e+03,2.2643e-08
1.8500e+03,2.2623e-08
1.8600e+03,2.2603e-08
1.8700e+03,2.2583e-08
1.8800e+03,2.2563e-08
1.8900e+03,2.2544e-08
1.9000e+03,2.2524e-08
1.9100e+03,2.2505e-08
1.9200e+03,2.2485e-08
1.9300e+03,2.2466e-08
1.9400e+03,2.2446e-08
1.9500e+03,2.2427e-08
1.9600e+03,2.2408e-08
1.9700e+03,2.2389e-08
1.9800e+03,2.2371e-08
1.9900e+03,2.2352e-08
2.0000e+03,2.2334e-08
2.0100e+03,2.2317e-08
2.0200e+03,2.2300e-08
2.0300e+03,2.2284e-08
2.0400e+03,2.2269e-08
2.0500e+03,2.2254e-08
2.0600e+03,2.2241e-08
2.0700e+03,2.2228e-08
2.0800e+03,2.2217e-08
2.0900e+03,2.2207e-08
2.1000e+03,2.2198e-08
2.1100e+03,2.2191e-08
2.1200e+03,2.2186e-08
2.1300e+03,2.2182e-08
2.1400e+03,2.2180e-08
2.1500e+03,2.2180e-08
2.1600e+03,2.2181e-08
2.1700e+03,2.2184e-08
2.1800e+03,2.2189e-08
2.1900e+03,2.2195e-08
2.2000e+03,2.2204e-08
2.2100e+03,2.2213e-08
2.2200e+03,2.2224e-08
2.2300e+03,2.2237e-08
2.2400e+03,2.2250e-08
2.2500e+03,2.2265e-08
2.2600e+03,2.2280e-08
2.2700e+03,2.2297e-08
2.2800e+03,2.2314e-08
2.2900e+03,2.2331e-08
2.3000e+03,2.2349e-08
2.3100e+03,2.2367e-08
2.3200e+03,2.2385e-08
2.3300e+03,2.2403e-08
2.3400e+03,2.2420e-08
2.3500e+03,2.2438e-08
2.3600e+03,2.2455e-08
2.3700e+03,2.2472e-08
2.3800e+03,2.2489e-08
2.3900e+03,2.2505e-08
2.4000e+03,2.2521e-08
2.4100e+03,2.2536e-08
2.4200e+03,2.2550e-08
2.4300e+03,2.2564e-08
2.4400e+03,2.2578e-08
2.4500e+03,2.2590e-08
2.4600e+03,2.2602e-08
2.4700e+03,2.2614e-08
2.4800e+03,2.2624e-08
2.4900e+03,2.2634e-08
2.5000e+03,2.2644e-08
2.5100e+03,2.2653e-08
2.5200e+03,2.2661e-08
2.5300e+03,2.2668e-08
2.5400e+03,2.2675e-08
2.5500e+03,2.2682e-08
2.5600e+03,2.2688e-08
2.5700e+03,2.2693e-08
2.5800e+03,2.2698e-08
2.5900e+03,2.2703e-08
2.6000e+03,2.2707e-08
2.6100e+03,2.2710e-08
2.6200e+03,2.2714e-08
2.6300e+03,2.2717e-08
2.6400e+03,2.2720e-08
2.6500e+03,2.2722e-08
2.6600e+03,2.2724e-08
2.6700e+03,2.2726e-08
2.6800e+03,2.2728e-08
2.6900e+03,2.2730e-08
2.7000e+03,2.2731e-08
2.7100e+03,2.2733e-08
2.7200e+03,2.2734e-08
2.7300e+03,2.2735e-08
2.7400e+03,2.2736e-08
2.7500e+03,2.2737e-08
2.7600e+03,2.2738e-08
2.7700e+03,2.2740e-08
2.7800e+03,2.2741e-08
2.7900e+03,2.2743e-08
2.8000e+03,2.2745e-08
2.8100e+03,2.2747e-08
2.8200e+03,2.2750e-08
2.8300e+03,2.2753e-08
2.8400e+03,2.2757e-08
2.8500e+03,2.2762e-08
2.8600e+03,2.2767e-08
2.8700e+03,2.2773e-08
2.8800e+03,2.2780e-08
2.8900e+03,2.2788e-08
2.9000e+03,2.2798e-08
2.9100e+03,2.2808e-08
2.9200e+03,2.2820e-08
2.9300e+03,2.2832e-08
2.9400e+03,2.2847e-08
2.9500e+03,2.2862e-08
2.9600e+03,2.2879e-08
2.9700e+03,2.2897e-08
2.9800e+03,2.2916e-08
2.9900e+03,2.2937e-08
3.0000e+03,2.2958e-08
3.0100e+03,2.2981e-08
3.0200e+03,2.3004e-08
3.0300e+03,2.3028e-08
3.0400e+03,2.3053e-08
3.0500e+03,2.3078e-08
3.0600e+03,2.3103e-08
3.0700e+03,2.3129e-08
3.0800e+03,2.3154e-08
3.0900e+03,2.3179e-08
3.1000e+03,2.3204e-08
3.1100e+03,2.3228e-08
3.1200e+03,2.3251e-08
3.1300e+03,2.3274e-08
3.1400e+03,2.3295e-08
3.1500e+03,2.3316e-08
3.1600e+03,2.3336e-08
3.1700e+03,2.3355e-08
3.1800e+03,2.3374e-08
3.1900e+03,2.3391e-08
3.2000e+03,2.3408e-08
3.2100e+03,2.3424e-08
3.2200e+03,2.3439e-08
3.2300e+03,2.3453e-08
3.2400e+03,2.3468e-08
3.2500e+03,2.3481e-08
3.2600e+03,2.3495e-08
3.2700e+03,2.3508e-08
3.2800e+03,2.3521e-08
3.2900e+03,2.3534e-08
3.3000e+03,2.3547e-08
3.3100e+03,2.3560e-08
3.3200e+03,2.3572e-08
3.3300e+03,2.3585e-08
3.3400e+03,2.3598e-08
3.3500e+03,2.3611e-08
3.3600e+03,2.3623e-08
3.3700e+03,2.3636e-08
3.3800e+03,2.3648e-08
3.3900e+03,2.3661e-08
3.4000e+03,2.3673e-08
3.4100e+03,2.3685e-08
3.4200e+03,2.3697e-08
3.4300e+03,2.3709e-08
3.4400e+03,2.3720e-08
3.4500e+03,2.3731e-08
3.4600e+03,2.3742e-08
3.4700e+03,2.3752e-08
3.4800e+03,2.3762e-08
3.4900e+03,2.3772e-08
3.5000e+03,2.3781e-08
3.5100e+03,2.3790e-08
3.5200e+03,2.3798e-08
3.5300e+03,2.3806e-08
3.5400e+03,2.3813e-08
3.5500e+03,2.3820e-08
3.5600e+03,2.3826e-08
3.5700e+03,2.3832e-08
3.5800e+03,2.3837e-08
3.5900e+03,2.3842e-08
3.6000e+03,2.3846e-08
3.6100e+03,2.3849e-08
3.6200e+03,2.3852e-08
3.6300e+03,2.3854e-08
3.6400e+03,2.3855e-08
3.6500e+03,2.3856e-08
3.6600e+03,2.3856e-08
3.6700e+03,2.3856e-08
3.6800e+03,2.3855e-08
3.6900e+03,2.3854e-08
3.7000e+03,2.3852e-08
3.7100e+03,2.3849e-08
3.7200e+03,2.3847e-08
3.7300e+03,2.3843e-08
3.7400e+03,2.3840e-08
3.7500e+03,2.3836e-08
3.7600e+03,2.3832e-08
3.7700e+03,2.3827e-08
3.7800e+03,2.3823e-08
3.7900e+03,2.3818e-08
3.8000e+03,2.3813e-08
3.8100e+03,2.3808e-08
3.8200e+03,2.3803e-08
3.8300e+03,2.3797e-08
3.8400e+03,2.3792e-08
3.8500e+03,2.3786e-08
3.8600e+03,2.3781e-08
3.8700e+03,2.3775e-08
3.8800e+03,2.3769e-08
3.8900e+03,2.3763e-08
3.9000e+03,2.3758e-08
3.9100e+03,2.3752e-08
3.9200e+03,2.3746e-08
3.9300e+03,2.3740e-08
3.9400e+03,2.3734e-08
3.9500e+03,2.3728e-08
3.9600e+03,2.3723e-08
3.9700e+03,2.3717e-08
3.9800e+03,2.3711e-08
3.9900e+03,2.3706e-08
4.0000e+03,2.3700e-08
4.0100e+03,2.3695e-08
4.0200e+03,2.3690e-08
4.0300e+03,2.3685e-08
4.0400e+03,2.3680e-08
4.0500e+03,2.3676e-08
4.0600e+03,2.3671e-08
4.0700e+03,2.3667e-08
4.0800e+03,2.3664e-08
4.0900e+03,2.3660e-08
4.1000e+03,2.3657e-08
4.1100e+03,2.3654e-08
4.1200e+03,2.3652e-08
4.1300e+03,2.3650e-08
4.1400e+03,2.3648e-08
4.1500e+03,2.3646e-08
4.1600e+03,2.3645e-08
4.1700e+03,2.3643e-08
4.1800e+03,2.3642e-08
4.1900e+03,2.3642e-08
4.2000e+03,2.3641e-08
4.2100e+03,2.3641e-08
4.2200e+03,2.3640e-08
4.2300e+03,2.3640e-08
4.2400e+03,2.3640e-08
4.2500e+03,2.3640e-08
4.2600e+03,2.3640e-08
4.2700e+03,2.3639e-08
4.2800e+03,2.3639e-08
4.2900e+03,2.3639e-08
4.3000e+03,2.3639e-08
4.3100e+03,2.3639e-08
4.3200e+03,2.3639e-08
4.3300e+03,2.3639e-08
4.3400e+03,2.3639e-08
4.3500e+03,2.3639e-08
4.3600e+03,2.3639e-08
4.3700e+03,2.3639e-08
4.3800e+03,2.3639e-08
4.3900e+03,2.3639e-08
4.4000e+03,2.3639e-08
4.4100e+03,2.3639e-08
4.4200e+03,2.3639e-08
4.4300e+03,2.3639e-08
4.4400e+03,2.3639e-08
4.4500e+03,2.3639e-08
4.4600e+03,2.3640e-08
4.4700e+03,2.3640e-08
4.4800e+03,2.3640e-08
4.4900e+03,2.3640e-08
4.5000e+03,2.3641e-08
4.5100e+03,2.3641e-08
4.5200e+03,2.3642e-08
4.5300e+03,2.3642e-08
4.5400e+03,2.3643e-08
4.5500e+03,2.3643e-08
4.5600e+03,2.3644e-08
4.5700e+03,2.3644e-08
4.5800e+03,2.3644e-08
4.5900e+03,2.3645e-08
4.6000e+03,2.3645e-08
4.6100e+03,2.3645e-08
4.6200e+03,2.3645e-08
4.6300e+03,2.3645e-08
4.6400e+03,2.3645e-08
4.6500e+03,2.3645e-08
4.6600e+03,2.3644e-08
4.6700e+03,2.3644e-08
4.6800e+03,2.3643e-08
4.6900e+03,2.3642e-08
4.7000e+03,2.3641e-08
4.7100e+03,2.3640e-08
4.7200e+03,2.3639e-08
4.7300e+03,2.3638e-08
4.7400e+03,2.3636e-08
4.7500e+03,2.3635e-08
4.7600e+03,2.3633e-08
4.7700e+03,2.3631e-08
4.7800e+03,2.3629e-08
4.7900e+03,2.3627e-08
4.8000e+03,2.3625e-08
4.8100e+03,2.3623e-08
4.8200e+03,2.3621e-08
4.8300e+03,2.3618e-08
4.8400e+03,2.3615e-08
4.8500e+03,2.3613e-08
4.8600e+03,2.3610e-08
4.8700e+03,2.3607e-08
4.8800e+03,2.3604e-08
4.8900e+03,2.3601e-08
4.9000e+03,2.3597e-08
4.9100e+03,2.3594e-08
4.9200e+03,2.3591e-08
4.9300e+03,2.3588e-08
4.9400e+03,2.3585e-08
4.9500e+03,2.3581e-08
4.9600e+03,2.3579e-08
4.9700e+03,2.3576e-08
4.9800e+03,2.3573e-08
4.9900e+03,2.3571e-08
5.0000e+03,2.3569e-08
5.0100e+03,2.3567e-08
5.0200e+03,2.3566e-08
5.0300e+03,2.3564e-08
5.0400e+03,2.3564e-08
5.0500e+03,2.3564e-08
5.0600e+03,2.3564e-08
5.0700e+03,2.3565e-08
5.0800e+03,2.3566e-08
5.0900e+03,2.3568e-08
5.1000e+03,2.3571e-08
5.1100e+03,2.3574e-08
5.1200e+03,2.3579e-08
5.1300e+03,2.3584e-08
5.1400e+03,2.3590e-08
5.1500e+03,2.3597e-08
5.1600e+03,2.3605e-08
5.1700e+03,2.3614e-08
5.1800e+03,2.3625e-08
5.1900e+03,2.3636e-08
5.2000e+03,2.3649e-08
5.2100e+03,2.3662e-08
5.2200e+03,2.3677e-08
5.2300e+03,2.3693e-08
5.2400e+03,2.3710e-08
5.2500e+03,2.3727e-08
5.2600e+03,2.3745e-08
5.2700e+03,2.3764e-08
5.2800e+03,2.3783e-08
5.2900e+03,2.3803e-08
5.3000e+03,2.3822e-08
5.3100e+03,2.3841e-08
5.3200e+03,2.3860e-08
5.3300e+03,2.3878e-08
5.3400e+03,2.3896e-08
5.3500e+03,2.3912e-08
5.3600e+03,2.3928e-08
5.3700e+03,2.3942e-08
5.3800e+03,2.3955e-08
5.3900e+03,2.3966e-08
5.4000e+03,2.3976e-08
5.4100e+03,2.3985e-08
5.4200e+03,2.3992e-08
5.4300e+03,2.3997e-08
5.4400e+03,2.4002e-08
5.4500e+03,2.4005e-08
5.4600e+03,2.4007e-08
5.4700e+03,2.4008e-08
5.4800e+03,2.4008e-08
5.4900e+03,2.4007e-08
5.5000e+03,2.4006e-08
5.5100e+03,2.4005e-08
5.5200e+03,2.4003e-08
5.5300e+03,2.4001e-08
5.5400e+03,2.3999e-08
5.5500e+03,2.3997e-08
5.5600e+03,2.3996e-08
5.5700e+03,2.3994e-08
5.5800e+03,2.3993e-08
5.5900e+03,2.3993e-08
5.6000e+03,2.3993e-08
5.6100e+03,2.3993e-08
5.6200e+03,2.3994e-08
5.6300e+03,2.3995e-08
5.6400e+03,2.3996e-08
5.6500e+03,2.3998e-08
5.6600e+03,2.3999e-08
5.6700e+03,2.4001e-08
5.6800e+03,2.4003e-08
5.6900e+03,2.4005e-08
5.7000e+03,2.4007e-08
5.7100e+03,2.4008e-08
5.7200e+03,2.4009e-08
5.7300e+03,2.4010e-08
5.7400e+03,2.4010e-08
5.7500e+03,2.4009e-08
5.7600e+03,2.4008e-08
5.7700e+03,2.4005e-08
5.7800e+03,2.4002e-08
5.7900e+03,2.3998e-08
5.8000e+03,2.3993e-08
5.8100e+03,2.3987e-08
5.8200e+03,2.3981e-08
5.8300e+03,2.3974e-08
5.8400e+03,2.3966e-08
5.8500e+03,2.3958e-08
5.8600e+03,2.3950e-08
5.8700e+03,2.3941e-08
5.8800e+03,2.3933e-08
5.8900e+03,2.3925e-08
5.9000e+03,2.3917e-08
5.9100e+03,2.3910e-08
5.9200e+03,2.3904e-08
5.9300e+03,2.3899e-08
5.9400e+03,2.3894e-08
5.9500e+03,2.3891e-08
5.9600e+03,2.3889e-08
5.9700e+03,2.3888e-08
5.9800e+03,2.3888e-08
5.9900e+03,2.3890e-08
6.0000e+03,2.3892e-08
6.0100e+03,2.3896e-08
6.0200e+03,2.3900e-08
6.0300e+03,2.3905e-08
6.0400e+03,2.3910e-08
6.0500e+03,2.3916e-08
6.0600e+03,2.3922e-08
6.0700e+03,2.3927e-08
6.0800e+03,2.3932e-08
6.0900e+03,2.3936e-08
6.1000e+03,2.3940e-08
6.1100e+03,2.3942e-08
6.1200e+03,2.3943e-08
6.1300e+03,2.3943e-08
6.1400e+03,2.3941e-08
6.1500e+03,2.3938e-08
6.1600e+03,2.3933e-08
6.1700e+03,2.3926e-08
6.1800e+03,2.3919e-08
6.1900e+03,2.3909e-08
6.2000e+03,2.3899e-08
6.2100e+03,2.3887e-08
6.2200e+03,2.3875e-08
6.2300e+03,2.3862e-08
6.2400e+03,2.3848e-08
6.2500e+03,2.3835e-08
6.2600e+03,2.3821e-08
6.2700e+03,2.3808e-08
6.2800e+03,2.3796e-08
6.2900e+03,2.3784e-08
6.3000e+03,2.3773e-08
6.3100e+03,2.3764e-08
6.3200e+03,2.3756e-08
6.3300e+03,2.3749e-08
6.3400e+03,2.3744e-08
6.3500e+03,2.3741e-08
6.3600e+03,2.3739e-08
6.3700e+03,2.3739e-08
6.3800e+03,2.3741e-08
6.3900e+03,2.3744e-08
6.4000e+03,2.3748e-08
6.4100e+03,2.3754e-08
6.4200e+03,2.3761e-08
6.4300e+03,2.3768e-08
6.4400e+03,2.3777e-08
6.4500e+03,2.3786e-08
6.4600e+03,2.3795e-08
6.4700e+03,2.3805e-08
6.4800e+03,2.3814e-08
6.4900e+03,2.3823e-08
6.5000e+03,2.3832e-08
6.5100e+03,2.3840e-08
6.5200e+03,2.3847e-08
6.5300e+03,2.3853e-08
6.5400e+03,2.3858e-08
6.5500e+03,2.3862e-08
6.5600e+03,2.3864e-08
6.5700e+03,2.3865e-08
6.5800e+03,2.3865e-08
6.5900e+03,2.3862e-08
6.6000e+03,2.3858e-08
6.6100e+03,2.3853e-08
6.6200e+03,2.3846e-08
6.6300e+03,2.3837e-08
6.6400e+03,2.3826e-08
6.6500e+03,2.3815e-08
6.6600e+03,2.3801e-08
6.6700e+03,2.3787e-08
6.6800e+03,2.3771e-08
6.6900e+03,2.3754e-08
6.7000e+03,2.3736e-08
6.7100e+03,2.3718e-08
6.7200e+03,2.3699e-08
6.7300e+03,2.3679e-08
6.7400e+03,2.3659e-08
6.7500e+03,2.3640e-08
6.7600e+03,2.3620e-08
6.7700e+03,2.3601e-08
6.7800e+03,2.3583e-08
6.7900e+03,2.3565e-08
6.8000e+03,2.3548e-08
6.8100e+03,2.3532e-08
6.8200e+03,2.3518e-08
6.8300e+03,2.3505e-08
6.8400e+03,2.3493e-08
6.8500e+03,2.3483e-08
6.8600e+03,2.3475e-08
6.8700e+03,2.3468e-08
6.8800e+03,2.3463e-08
6.8900e+03,2.3461e-08
6.9000e+03,2.3460e-08
6.9100e+03,2.3461e-08
6.9200e+03,2.3464e-08
6.9300e+03,2.3469e-08
6.9400e+03,2.3476e-08
6.9500e+03,2.3484e-08
6.9600e+03,2.3494e-08
6.9700e+03,2.3506e-08
6.9800e+03,2.3519e-08
6.9900e+03,2.3534e-08
7.0000e+03,2.3549e-08
7.0100e+03,2.3566e-08
7.0200e+03,2.3584e-08
7.0300e+03,2.3602e-08
7.0400e+03,2.3622e-08
7.0500e+03,2.3641e-08
7.0600e+03,2.3661e-08
7.0700e+03,2.3682e-08
7.0800e+03,2.3702e-08
7.0900e+03,2.3722e-08
7.1000e+03,2.3742e-08
7.1100e+03,2.3762e-08
7.1200e+03,2.3782e-08
7.1300e+03,2.3801e-08
7.1400e+03,2.3819e-08
7.1500e+03,2.3837e-08
7.1600e+03,2.3854e-08
7.1700e+03,2.3871e-08
7.1800e+03,2.3886e-08
7.1900e+03,2.3900e-08
7.2000e+03,2.3914e-08
7.2100e+03,2.3926e-08
7.2200e+03,2.3937e-08
7.2300e+03,2.3947e-08
7.2400e+03,2.3955e-08
7.2500e+03,2.3963e-08
7.2600e+03,2.3969e-08
7.2700e+03,2.3974e-08
7.2800e+03,2.3978e-08
7.2900e+03,2.3980e-08
7.3000e+03,2.3981e-08
7.3100e+03,2.3981e-08
7.3200e+03,2.3979e-08
7.3300e+03,2.3977e-08
7.3400e+03,2.3973e-08
7.3500e+03,2.3968e-08
7.3600e+03,2.3961e-08
7.3700e+03,2.3954e-08
7.3800e+03,2.3945e-08
7.3900e+03,2.3936e-08
7.4000e+03,2.3925e-08
7.4100e+03,2.3914e-08
7.4200e+03,2.3901e-08
7.4300e+03,2.3888e-08
7.4400e+03,2.3874e-08
7.4500e+03,2.3859e-08
7.4600e+03,2.3844e-08
7.4700e+03,2.3828e-08
7.4800e+03,2.3811e-08
7.4900e+03,2.3794e-08
7.5000e+03,2.3776e-08
7.5100e+03,2.3758e-08
7.5200e+03,2.3739e-08
7.5300e+03,2.3721e-08
7.5400e+03,2.3701e-08
7.5500e+03,2.3682e-08
7.5600e+03,2.3663e-08
7.5700e+03,2.3643e-08
7.5800e+03,2.3623e-08
7.5900e+03,2.3603e-08
7.6000e+03,2.3583e-08
7.6100e+03,2.3563e-08
7.6200e+03,2.3543e-08
7.6300e+03,2.3523e-08
7.6400e+03,2.3503e-08
7.6500e+03,2.3483e-08
7.6600e+03,2.3463e-08
7.6700e+03,2.3443e-08
7.6800e+03,2.3423e-08
7.6900e+03,2.3404e-08
7.7000e+03,2.3385e-08
7.7100e+03,2.3367e-08
7.7200e+03,2.3349e-08
7.7300e+03,2.3331e-08
7.7400e+03,2.3314e-08
7.7500e+03,2.3298e-08
7.7600e+03,2.3282e-08
7.7700e+03,2.3267e-08
7.7800e+03,2.3254e-08
7.7900e+03,2.3241e-08
7.8000e+03,2.3229e-08
7.8100e+03,2.3218e-08
7.8200e+03,2.3209e-08
7.8300e+03,2.3201e-08
7.8400e+03,2.3194e-08
7.8500e+03,2.3189e-08
7.8600e+03,2.3184e-08
7.8700e+03,2.3182e-08
7.8800e+03,2.3180e-08
7.8900e+03,2.3180e-08
7.9000e+03,2.3182e-08
7.9100e+03,2.3184e-08
7.9200e+03,2.3188e-08
7.9300e+03,2.3193e-08
7.9400e+03,2.3199e-08
7.9500e+03,2.3206e-08
7.9600e+03,2.3214e-08
7.9700e+03,2.3223e-08
7.9800e+03,2.3232e-08
7.9900e+03,2.3242e-08
8.0000e+03,2.3252e-08
8.0100e+03,2.3263e-08
8.0200e+03,2.3273e-08
8.0300e+03,2.3283e-08
8.0400e+03,2.3293e-08
8.0500e+03,2.3303e-08
8.0600e+03,2.3312e-08
8.0700e+03,2.3320e-08
8.0800e+03,2.3327e-08
8.0900e+03,2.3333e-08
8.1000e+03,2.3338e-08
8.1100e+03,2.3342e-08
8.1200e+03,2.3344e-08
8.1300e+03,2.3344e-08
8.1400e+03,2.3343e-08
8.1500e+03,2.3340e-08
8.1600e+03,2.3334e-08
8.1700e+03,2.3326e-08
8.1800e+03,2.3316e-08
8.1900e+03,2.3304e-08
8.2000e+03,2.3289e-08
8.2100e+03,2.3272e-08
8.2200e+03,2.3252e-08
8.2300e+03,2.3230e-08
8.2400e+03,2.3205e-08
8.2500e+03,2.3178e-08
8.2600e+03,2.3148e-08
8.2700e+03,2.3116e-08
8.2800e+03,2.3082e-08
8.2900e+03,2.3046e-08
8.3000e+03,2.3008e-08
8.3100e+03,2.2968e-08
8.3200e+03,2.2927e-08
8.3300e+03,2.2885e-08
8.3400e+03,2.2841e-08
8.3500e+03,2.2797e-08
8.3600e+03,2.2752e-08
8.3700e+03,2.2707e-08
8.3800e+03,2.2661e-08
8.3900e+03,2.2616e-08
8.4000e+03,2.2570e-08
8.4100e+03,2.2526e-08
8.4200e+03,2.2481e-08
8.4300e+03,2.2438e-08
8.4400e+03,2.2396e-08
8.4500e+03,2.2355e-08
8.4600e+03,2.2316e-08
8.4700e+03,2.2279e-08
8.4800e+03,2.2243e-08
8.4900e+03,2.2210e-08
8.5000e+03,2.2178e-08
8.5100e+03,2.2150e-08
8.5200e+03,2.2124e-08
8.5300e+03,2.2101e-08
8.5400e+03,2.2081e-08
8.5500e+03,2.2064e-08
8.5600e+03,2.2051e-08
8.5700e+03,2.2041e-08
8.5800e+03,2.2034e-08
8.5900e+03,2.2032e-08
8.6000e+03,2.2033e-08
8.6100e+03,2.2037e-08
8.6200e+03,2.2046e-08
8.6300e+03,2.2059e-08
8.6400e+03,2.2075e-08
8.6500e+03,2.2096e-08
8.6600e+03,2.2120e-08
8.6700e+03,2.2147e-08
8.6800e+03,2.2179e-08
8.6900e+03,2.2214e-08
8.7000e+03,2.2253e-08
8.7100e+03,2.2295e-08
8.7200e+03,2.2341e-08
8.7300e+03,2.2389e-08
8.7400e+03,2.2441e-08
8.7500e+03,2.2496e-08
8.7600e+03,2.2554e-08
8.7700e+03,2.2614e-08
8.7800e+03,2.2677e-08
8.7900e+03,2.2743e-08
8.8000e+03,2.2811e-08
8.8100e+03,2.2881e-08
8.8200e+03,2.2953e-08
8.8300e+03,2.3027e-08
8.8400e+03,2.3102e-08
8.8500e+03,2.3180e-08
8.8600e+03,2.3259e-08
8.8700e+03,2.3340e-08
8.8800e+03,2.3422e-08
8.8900e+03,2.3506e-08
8.9000e+03,2.3591e-08
8.9100e+03,2.3677e-08
8.9200e+03,2.3764e-08
8.9300e+03,2.3852e-08
8.9400e+03,2.3941e-08
8.9500e+03,2.4031e-08
8.9600e+03,2.4122e-08
8.9700e+03,2.4212e-08
8.9800e+03,2.4303e-08
8.9900e+03,2.4395e-08
9.0000e+03,2.4486e-08
9.0100e+03,2.4576e-08
9.0200e+03,2.4666e-08
9.0300e+03,2.4755e-08
9.0400e+03,2.4843e-08
9.0500e+03,2.4930e-08
9.0600e+03,2.5015e-08
9.0700e+03,2.5098e-08
9.0800e+03,2.5180e-08
9.0900e+03,2.5258e-08
9.1000e+03,2.5334e-08
9.1100e+03,2.5408e-08
9.1200e+03,2.5478e-08
9.1300e+03,2.5545e-08
9.1400e+03,2.5608e-08
9.1500e+03,2.5667e-08
9.1600e+03,2.5723e-08
9.1700e+03,2.5774e-08
9.1800e+03,2.5821e-08
9.1900e+03,2.5864e-08
9.2000e+03,2.5902e-08
9.2100e+03,2.5936e-08
9.2200e+03,2.5965e-08
9.2300e+03,2.5989e-08
9.2400e+03,2.6009e-08
9.2500e+03,2.6023e-08
9.2600e+03,2.6033e-08
9.2700e+03,2.6038e-08
9.2800e+03,2.6039e-08
9.2900e+03,2.6035e-08
9.3000e+03,2.6027e-08
9.3100e+03,2.6015e-08
9.3200e+03,2.5999e-08
9.3300e+03,2.5979e-08
9.3400e+03,2.5956e-08
9.3500e+03,2.5930e-08
9.3600e+03,2.5901e-08
9.3700e+03,2.5870e-08
9.3800e+03,2.5836e-08
9.3900e+03,2.5800e-08
9.4000e+03,2.5763e-08
9.4100e+03,2.5724e-08
9.4200e+03,2.5685e-08
9.4300e+03,2.5644e-08
9.4400e+03,2.5603e-08
9.4500e+03,2.5561e-08
9.4600e+03,2.5519e-08
9.4700e+03,2.5478e-08
9.4800e+03,2.5436e-08
9.4900e+03,2.5395e-08
9.5000e+03,2.5355e-08
9.5100e+03,2.5315e-08
9.5200e+03,2.5277e-08
9.5300e+03,2.5239e-08
9.5400e+03,2.5202e-08
9.5500e+03,2.5167e-08
9.5600e+03,2.5132e-08
9.5700e+03,2.5099e-08
9.5800e+03,2.5068e-08
9.5900e+03,2.5037e-08
9.6000e+03,2.5008e-08
9.6100e+03,2.4981e-08
9.6200e+03,2.4955e-08
9.6300e+03,2.4931e-08
9.6400e+03,2.4908e-08
9.6500e+03,2.4886e-08
9.6600e+03,2.4867e-08
9.6700e+03,2.4848e-08
9.6800e+03,2.4831e-08
9.6900e+03,2.4816e-08
9.7000e+03,2.4802e-08
9.7100e+03,2.4789e-08
9.7200e+03,2.4779e-08
9.7300e+03,2.4769e-08
9.7400e+03,2.4762e-08
9.7500e+03,2.4756e-08
9.7600e+03,2.4751e-08
9.7700e+03,2.4749e-08
9.7800e+03,2.4748e-08
9.7900e+03,2.4749e-08
9.8000e+03,2.4752e-08
9.8100e+03,2.4757e-08
9.8200e+03,2.4763e-08
9.8300e+03,2.4772e-08
9.8400e+03,2.4783e-08
9.8500e+03,2.4796e-08
9.8600e+03,2.4811e-08
9.8700e+03,2.4828e-08
9.8800e+03,2.4847e-08
9.8900e+03,2.4869e-08
9.9000e+03,2.4892e-08
9.9100e+03,2.4917e-08
9.9200e+03,2.4945e-08
9.9300e+03,2.4974e-08
9.9400e+03,2.5006e-08
9.9500e+03,2.5039e-08
9.9600e+03,2.5074e-08
9.9700e+03,2.5111e-08
9.9800e+03,2.5150e-08
9.9900e+03,2.5190e-08
1.0000e+04,2.5232e-08
