# Time , Side-Flux
0.0000e+00,0.0000e+00
1.0000e+01,7.0933e-08
2.0000e+01,1.3490e-07
3.0000e+01,1.8768e-07
4.0000e+01,2.2844e-07
5.0000e+01,2.5862e-07
6.0000e+01,2.8050e-07
7.0000e+01,2.9624e-07
8.0000e+01,3.0760e-07
9.0000e+01,3.1586e-07
1.0000e+02,3.2195e-07
1.1000e+02,3.2649e-07
1.2000e+02,3.2992e-07
1.3000e+02,3.3255e-07
1.4000e+02,3.3459e-07
1.5000e+02,3.3619e-07
1.6000e+02,3.3747e-07
1.7000e+02,3.3849e-07
1.8000e+02,3.3933e-07
1.9000e+02,3.4001e-07
2.0000e+02,3.4058e-07
2.1000e+02,3.4105e-07
2.2000e+02,3.4143e-07
2.3000e+02,3.4174e-07
2.4000e+02,3.4200e-07
2.5000e+02,3.4221e-07
2.6000e+02,3.4239e-07
2.7000e+02,3.4256e-07
2.8000e+02,3.4271e-07
2.9000e+02,3.4286e-07
3.0000e+02,3.4300e-07
3.1000e+02,3.4314e-07
3.2000e+02,3.4328e-07
3.3000e+02,3.4341e-07
3.4000e+02,3.4353e-07
3.5000e+02,3.4362e-07
3.6000e+02,3.4372e-07
3.7000e+02,3.4382e-07
3.8000e+02,3.4393e-07
3.9000e+02,3.4401e-07
4.0000e+02,3.4405e-07
4.1000e+02,3.4406e-07
4.2000e+02,3.4406e-07
4.3000e+02,3.4407e-07
4.4000e+02,3.4409e-07
4.5000e+02,3.4412e-07
4.6000e+02,3.4415e-07
4.7000e+02,3.4416e-07
4.8000e+02,3.4417e-07
4.9000e+02,3.4417e-07
5.0000e+02,3.4417e-07
5.1000e+02,3.4417e-07
5.2000e+02,3.4416e-07
5.3000e+02,3.4416e-07
5.4000e+02,3.4416e-07
5.5000e+02,3.4416e-07
5.6000e+02,3.4417e-07
5.7000e+02,3.4418e-07
5.8000e+02,3.4421e-07
5.9000e+02,3.4426e-07
6.0000e+02,3.4432e-07
6.1000e+02,3.4438e-07
6.2000e+02,3.4442e-07
6.3000e+02,3.4442e-07
6.4000e+02,3.4437e-07
6.5000e+02,3.4427e-07
6.6000e+02,3.4412e-07
6.7000e+02,3.4394e-07
6.8000e+02,3.4375e-07
6.9000e+02,3.4357e-07
7.0000e+02,3.4342e-07
7.1000e+02,3.4332e-07
7.2000e+02,3.4326e-07
7.3000e+02,3.4326e-07
7.4000e+02,3.4330e-07
7.5000e+02,3.4338e-07
7.6000e+02,3.4347e-07
7.7000e+02,3.4356e-07
7.8000e+02,3.4366e-07
7.9000e+02,3.4377e-07
8.0000e+02,3.4390e-07
8.1000e+02,3.4404e-07
8.2000e+02,3.4419e-07
8.3000e+02,3.4432e-07
8.4000e+02,3.4443e-07
8.5000e+02,3.4450e-07
8.6000e+02,3.4454e-07
8.7000e+02,3.4457e-07
8.8000e+02,3.4457e-07
8.9000e+02,3.4456e-07
9.0000e+02,3.4453e-07
9.1000e+02,3.4447e-07
9.2000e+02,3.4435e-07
9.3000e+02,3.4417e-07
9.4000e+02,3.4394e-07
9.5000e+02,3.4366e-07
9.6000e+02,3.4336e-07
9.7000e+02,3.4307e-07
9.8000e+02,3.4281e-07
9.9000e+02,3.4259e-07
1.0000e+03,3.4239e-07
1.0100e+03,3.4221e-07
1.0200e+03,3.4201e-07
1.0300e+03,3.4178e-07
1.0400e+03,3.4154e-07
1.0500e+03,3.4129e-07
1.0600e+03,3.4106e-07
1.0700e+03,3.4087e-07
1.0800e+03,3.4074e-07
1.0900e+03,3.4069e-07
1.1000e+03,3.4072e-07
1.1100e+03,3.4080e-07
1.1200e+03,3.4093e-07
1.1300e+03,3.4106e-07
1.1400e+03,3.4119e-07
1.1500e+03,3.4131e-07
1.1600e+03,3.4141e-07
1.1700e+03,3.4149e-07
1.1800e+03,3.4156e-07
1.1900e+03,3.4160e-07
1.2000e+03,3.4162e-07
1.2100e+03,3.4163e-07
1.2200e+03,3.4164e-07
1.2300e+03,3.4167e-07
1.2400e+03,3.4171e-07
1.2500e+03,3.4177e-07
1.2600e+03,3.4184e-07
1.2700e+03,3.4191e-07
1.2800e+03,3.4197e-07
1.2900e+03,3.4203e-07
1.3000e+03,3.4209e-07
1.3100e+03,3.4215e-07
1.3200e+03,3.4221e-07
1.3300e+03,3.4228e-07
1.3400e+03,3.4234e-07
1.3500e+03,3.4239e-07
1.3600e+03,3.4241e-07
1.3700e+03,3.4241e-07
1.3800e+03,3.4239e-07
1.3900e+03,3.4235e-07
1.4000e+03,3.4232e-07
1.4100e+03,3.4228e-07
1.4200e+03,3.4226e-07
1.4300e+03,3.4225e-07
1.4400e+03,3.4224e-07
1.4500e+03,3.4224e-07
1.4600e+03,3.4224e-07
1.4700e+03,3.4224e-07
1.4800e+03,3.4224e-07
1.4900e+03,3.4225e-07
1.5000e+03,3.4225e-07
1.5100e+03,3.4225e-07
1.5200e+03,3.4225e-07
1.5300e+03,3.4225e-07
1.5400e+03,3.4225e-07
1.5500e+03,3.4225e-07
1.5600e+03,3.4225e-07
1.5700e+03,3.4225e-07
1.5800e+03,3.4225e-07
1.5900e+03,3.4225e-07
1.6000e+03,3.4224e-07
1.6100e+03,3.4223e-07
1.6200e+03,3.4222e-07
1.6300e+03,3.4219e-07
1.6400e+03,3.4216e-07
1.6500e+03,3.4213e-07
1.6600e+03,3.4209e-07
1.6700e+03,3.4206e-07
1.6800e+03,3.4202e-07
1.6900e+03,3.4198e-07
1.7000e+03,3.4194e-07
1.7100e+03,3.4190e-07
1.7200e+03,3.4185e-07
1.7300e+03,3.4179e-07
1.7400e+03,3.4174e-07
1.7500e+03,3.4170e-07
1.7600e+03,3.4167e-07
1.7700e+03,3.4165e-07
1.7800e+03,3.4164e-07
1.7900e+03,3.4164e-07
1.8000e+03,3.4164e-07
1.8100e+03,3.4165e-07
1.8200e+03,3.4166e-07
1.8300e+03,3.4169e-07
1.8400e+03,3.4172e-07
1.8500e+03,3.4176e-07
1.8600e+03,3.4179e-07
1.8700e+03,3.4182e-07
1.8800e+03,3.4185e-07
1.8900e+03,3.4186e-07
1.9000e+03,3.4185e-07
1.9100e+03,3.4183e-07
1.9200e+03,3.4180e-07
1.9300e+03,3.4176e-07
1.9400e+03,3.4171e-07
1.9500e+03,3.4167e-07
1.9600e+03,3.4164e-07
1.9700e+03,3.4162e-07
1.9800e+03,3.4161e-07
1.9900e+03,3.4160e-07
2.0000e+03,3.4158e-07
2.0100e+03,3.4156e-07
2.0200e+03,3.4152e-07
2.0300e+03,3.4147e-07
2.0400e+03,3.4142e-07
2.0500e+03,3.4137e-07
2.0600e+03,3.4130e-07
2.0700e+03,3.4122e-07
2.0800e+03,3.4115e-07
2.0900e+03,3.4108e-07
2.1000e+03,3.4100e-07
2.1100e+03,3.4090e-07
2.1200e+03,3.4081e-07
2.1300e+03,3.4073e-07
2.1400e+03,3.4067e-07
2.1500e+03,3.4059e-07
2.1600e+03,3.4049e-07
2.1700e+03,3.4042e-07
2.1800e+03,3.4041e-07
2.1900e+03,3.4044e-07
2.2000e+03,3.4048e-07
2.2100e+03,3.4050e-07
2.2200e+03,3.4050e-07
2.2300e+03,3.4053e-07
2.2400e+03,3.4058e-07
2.2500e+03,3.4064e-07
2.2600e+03,3.4067e-07
2.2700e+03,3.4068e-07
2.2800e+03,3.4069e-07
2.2900e+03,3.4070e-07
2.3000e+03,3.4072e-07
2.3100e+03,3.4074e-07
2.3200e+03,3.4075e-07
2.3300e+03,3.4075e-07
2.3400e+03,3.4076e-07
2.3500e+03,3.4077e-07
2.3600e+03,3.4080e-07
2.3700e+03,3.4081e-07
2.3800e+03,3.4081e-07
2.3900e+03,3.4081e-07
2.4000e+03,3.4082e-07
2.4100e+03,3.4084e-07
2.4200e+03,3.4087e-07
2.4300e+03,3.4089e-07
2.4400e+03,3.4089e-07
2.4500e+03,3.4089e-07
2.4600e+03,3.4089e-07
2.4700e+03,3.4088e-07
2.4800e+03,3.4087e-07
2.4900e+03,3.4086e-07
2.5000e+03,3.4085e-07
2.5100e+03,3.4085e-07
2.5200e+03,3.4086e-07
2.5300e+03,3.4087e-07
2.5400e+03,3.4087e-07
2.5500e+03,3.4087e-07
2.5600e+03,3.4087e-07
2.5700e+03,3.4087e-07
2.5800e+03,3.4087e-07
2.5900e+03,3.4087e-07
2.6000e+03,3.4087e-07
2.6100e+03,3.4087e-07
2.6200e+03,3.4088e-07
2.6300e+03,3.4088e-07
2.6400e+03,3.4088e-07
2.6500e+03,3.4085e-07
2.6600e+03,3.4080e-07
2.6700e+03,3.4074e-07
2.6800e+03,3.4071e-07
2.6900e+03,3.4072e-07
2.7000e+03,3.4080e-07
2.7100e+03,3.4090e-07
2.7200e+03,3.4099e-07
2.7300e+03,3.4102e-07
2.7400e+03,3.4097e-07
2.7500e+03,3.4087e-07
2.7600e+03,3.4077e-07
2.7700e+03,3.4072e-07
2.7800e+03,3.4072e-07
2.7900e+03,3.4074e-07
2.8000e+03,3.4075e-07
2.8100e+03,3.4071e-07
2.8200e+03,3.4064e-07
2.8300e+03,3.4055e-07
2.8400e+03,3.4048e-07
2.8500e+03,3.4047e-07
2.8600e+03,3.4055e-07
2.8700e+03,3.4072e-07
2.8800e+03,3.4092e-07
2.8900e+03,3.4109e-07
2.9000e+03,3.4113e-07
2.9100e+03,3.4101e-07
2.9200e+03,3.4073e-07
2.9300e+03,3.4037e-07
2.9400e+03,3.4002e-07
2.9500e+03,3.3978e-07
2.9600e+03,3.3974e-07
2.9700e+03,3.3991e-07
2.9800e+03,3.4026e-07
2.9900e+03,3.4068e-07
3.0000e+03,3.4104e-07
3.0100e+03,3.4122e-07
3.0200e+03,3.4117e-07
3.0300e+03,3.4092e-07
3.0400e+03,3.4059e-07
3.0500e+03,3.4033e-07
3.0600e+03,3.4029e-07
3.0700e+03,3.4057e-07
3.0800e+03,3.4115e-07
3.0900e+03,3.4195e-07
3.1000e+03,3.4283e-07
3.1100e+03,3.4363e-07
3.1200e+03,3.4427e-07
3.1300e+03,3.4470e-07
3.1400e+03,3.4492e-07
3.1500e+03,3.4492e-07
3.1600e+03,3.4474e-07
3.1700e+03,3.4441e-07
3.1800e+03,3.4397e-07
3.1900e+03,3.4348e-07
3.2000e+03,3.4302e-07
3.2100e+03,3.4266e-07
3.2200e+03,3.4246e-07
3.2300e+03,3.4248e-07
3.2400e+03,3.4271e-07
3.2500e+03,3.4314e-07
3.2600e+03,3.4371e-07
3.2700e+03,3.4432e-07
3.2800e+03,3.4489e-07
3.2900e+03,3.4532e-07
3.3000e+03,3.4555e-07
3.3100e+03,3.4558e-07
3.3200e+03,3.4545e-07
3.3300e+03,3.4522e-07
3.3400e+03,3.4495e-07
3.3500e+03,3.4469e-07
3.3600e+03,3.4446e-07
3.3700e+03,3.4429e-07
3.3800e+03,3.4417e-07
3.3900e+03,3.4410e-07
3.4000e+03,3.4404e-07
3.4100e+03,3.4395e-07
3.4200e+03,3.4381e-07
3.4300e+03,3.4360e-07
3.4400e+03,3.4337e-07
3.4500e+03,3.4315e-07
3.4600e+03,3.4302e-07
3.4700e+03,3.4301e-07
3.4800e+03,3.4314e-07
3.4900e+03,3.4338e-07
3.5000e+03,3.4371e-07
3.5100e+03,3.4404e-07
3.5200e+03,3.4432e-07
3.5300e+03,3.4453e-07
3.5400e+03,3.4465e-07
3.5500e+03,3.4470e-07
3.5600e+03,3.4472e-07
3.5700e+03,3.4472e-07
3.5800e+03,3.4471e-07
3.5900e+03,3.4471e-07
3.6000e+03,3.4471e-07
3.6100e+03,3.4471e-07
3.6200e+03,3.4471e-07
3.6300e+03,3.4472e-07
3.6400e+03,3.4474e-07
3.6500e+03,3.4480e-07
3.6600e+03,3.4491e-07
3.6700e+03,3.4507e-07
3.6800e+03,3.4526e-07
3.6900e+03,3.4544e-07
3.7000e+03,3.4555e-07
3.7100e+03,3.4551e-07
3.7200e+03,3.4527e-07
3.7300e+03,3.4480e-07
3.7400e+03,3.4413e-07
3.7500e+03,3.4335e-07
3.7600e+03,3.4256e-07
3.7700e+03,3.4189e-07
3.7800e+03,3.4147e-07
3.7900e+03,3.4135e-07
3.8000e+03,3.4155e-07
3.8100e+03,3.4203e-07
3.8200e+03,3.4269e-07
3.8300e+03,3.4343e-07
3.8400e+03,3.4415e-07
3.8500e+03,3.4479e-07
3.8600e+03,3.4532e-07
3.8700e+03,3.4572e-07
3.8800e+03,3.4596e-07
3.8900e+03,3.4599e-07
3.9000e+03,3.4576e-07
3.9100e+03,3.4524e-07
3.9200e+03,3.4443e-07
3.9300e+03,3.4337e-07
3.9400e+03,3.4210e-07
3.9500e+03,3.4068e-07
3.9600e+03,3.3918e-07
3.9700e+03,3.3765e-07
3.9800e+03,3.3616e-07
3.9900e+03,3.3476e-07
4.0000e+03,3.3353e-07
4.0100e+03,3.3248e-07
4.0200e+03,3.3164e-07
4.0300e+03,3.3106e-07
4.0400e+03,3.3073e-07
4.0500e+03,3.3063e-07
4.0600e+03,3.3073e-07
4.0700e+03,3.3100e-07
4.0800e+03,3.3140e-07
4.0900e+03,3.3184e-07
4.1000e+03,3.3224e-07
4.1100e+03,3.3253e-07
4.1200e+03,3.3266e-07
4.1300e+03,3.3261e-07
4.1400e+03,3.3239e-07
4.1500e+03,3.3200e-07
4.1600e+03,3.3150e-07
4.1700e+03,3.3094e-07
4.1800e+03,3.3040e-07
4.1900e+03,3.2993e-07
4.2000e+03,3.2957e-07
4.2100e+03,3.2933e-07
4.2200e+03,3.2920e-07
4.2300e+03,3.2913e-07
4.2400e+03,3.2909e-07
4.2500e+03,3.2906e-07
4.2600e+03,3.2905e-07
4.2700e+03,3.2904e-07
4.2800e+03,3.2904e-07
4.2900e+03,3.2906e-07
4.3000e+03,3.2908e-07
4.3100e+03,3.2912e-07
4.3200e+03,3.2917e-07
4.3300e+03,3.2921e-07
4.3400e+03,3.2924e-07
4.3500e+03,3.2927e-07
4.3600e+03,3.2929e-07
4.3700e+03,3.2931e-07
4.3800e+03,3.2932e-07
4.3900e+03,3.2931e-07
4.4000e+03,3.2930e-07
4.4100e+03,3.2927e-07
4.4200e+03,3.2925e-07
4.4300e+03,3.2922e-07
4.4400e+03,3.2920e-07
4.4500e+03,3.2918e-07
4.4600e+03,3.2915e-07
4.4700e+03,3.2911e-07
4.4800e+03,3.2908e-07
4.4900e+03,3.2904e-07
4.5000e+03,3.2901e-07
4.5100e+03,3.2898e-07
4.5200e+03,3.2895e-07
4.5300e+03,3.2893e-07
4.5400e+03,3.2892e-07
4.5500e+03,3.2891e-07
4.5600e+03,3.2890e-07
4.5700e+03,3.2889e-07
4.5800e+03,3.2888e-07
4.5900e+03,3.2887e-07
4.6000e+03,3.2886e-07
4.6100e+03,3.2886e-07
4.6200e+03,3.2885e-07
4.6300e+03,3.2884e-07
4.6400e+03,3.2883e-07
4.6500e+03,3.2880e-07
4.6600e+03,3.2877e-07
4.6700e+03,3.2872e-07
4.6800e+03,3.2865e-07
4.6900e+03,3.2855e-07
4.7000e+03,3.2841e-07
4.7100e+03,3.2821e-07
4.7200e+03,3.2793e-07
4.7300e+03,3.2757e-07
4.7400e+03,3.2712e-07
4.7500e+03,3.2658e-07
4.7600e+03,3.2596e-07
4.7700e+03,3.2521e-07
4.7800e+03,3.2431e-07
4.7900e+03,3.2323e-07
4.8000e+03,3.2200e-07
4.8100e+03,3.2067e-07
4.8200e+03,3.1932e-07
4.8300e+03,3.1799e-07
4.8400e+03,3.1670e-07
4.8500e+03,3.1545e-07
4.8600e+03,3.1424e-07
4.8700e+03,3.1310e-07
4.8800e+03,3.1203e-07
4.8900e+03,3.1102e-07
4.9000e+03,3.1002e-07
4.9100e+03,3.0898e-07
4.9200e+03,3.0787e-07
4.9300e+03,3.0670e-07
4.9400e+03,3.0558e-07
4.9500e+03,3.0463e-07
4.9600e+03,3.0396e-07
4.9700e+03,3.0362e-07
4.9800e+03,3.0356e-07
4.9900e+03,3.0373e-07
5.0000e+03,3.0409e-07
5.0100e+03,3.0462e-07
5.0200e+03,3.0535e-07
5.0300e+03,3.0628e-07
5.0400e+03,3.0742e-07
5.0500e+03,3.0877e-07
5.0600e+03,3.1032e-07
5.0700e+03,3.1216e-07
5.0800e+03,3.1439e-07
5.0900e+03,3.1710e-07
5.1000e+03,3.2031e-07
5.1100e+03,3.2386e-07
5.1200e+03,3.2747e-07
5.1300e+03,3.3080e-07
5.1400e+03,3.3360e-07
5.1500e+03,3.3572e-07
5.1600e+03,3.3712e-07
5.1700e+03,3.3777e-07
5.1800e+03,3.3765e-07
5.1900e+03,3.3678e-07
5.2000e+03,3.3529e-07
5.2100e+03,3.3334e-07
5.2200e+03,3.3114e-07
5.2300e+03,3.2885e-07
5.2400e+03,3.2658e-07
5.2500e+03,3.2438e-07
5.2600e+03,3.2229e-07
5.2700e+03,3.2033e-07
5.2800e+03,3.1854e-07
5.2900e+03,3.1696e-07
5.3000e+03,3.1562e-07
5.3100e+03,3.1453e-07
5.3200e+03,3.1368e-07
5.3300e+03,3.1304e-07
5.3400e+03,3.1261e-07
5.3500e+03,3.1240e-07
5.3600e+03,3.1241e-07
5.3700e+03,3.1261e-07
5.3800e+03,3.1296e-07
5.3900e+03,3.1340e-07
5.4000e+03,3.1388e-07
5.4100e+03,3.1436e-07
5.4200e+03,3.1485e-07
5.4300e+03,3.1540e-07
5.4400e+03,3.1606e-07
5.4500e+03,3.1687e-07
5.4600e+03,3.1790e-07
5.4700e+03,3.1912e-07
5.4800e+03,3.2046e-07
5.4900e+03,3.2180e-07
5.5000e+03,3.2298e-07
5.5100e+03,3.2395e-07
5.5200e+03,3.2469e-07
5.5300e+03,3.2525e-07
5.5400e+03,3.2567e-07
5.5500e+03,3.2599e-07
5.5600e+03,3.2623e-07
5.5700e+03,3.2641e-07
5.5800e+03,3.2654e-07
5.5900e+03,3.2664e-07
5.6000e+03,3.2671e-07
5.6100e+03,3.2677e-07
5.6200e+03,3.2681e-07
5.6300e+03,3.2685e-07
5.6400e+03,3.2688e-07
5.6500e+03,3.2690e-07
5.6600e+03,3.2691e-07
5.6700e+03,3.2692e-07
5.6800e+03,3.2692e-07
5.6900e+03,3.2692e-07
5.7000e+03,3.2694e-07
5.7100e+03,3.2698e-07
5.7200e+03,3.2706e-07
5.7300e+03,3.2717e-07
5.7400e+03,3.2733e-07
5.7500e+03,3.2755e-07
5.7600e+03,3.2784e-07
5.7700e+03,3.2823e-07
5.7800e+03,3.2872e-07
5.7900e+03,3.2928e-07
5.8000e+03,3.2989e-07
5.8100e+03,3.3051e-07
5.8200e+03,3.3112e-07
5.8300e+03,3.3178e-07
5.8400e+03,3.3250e-07
5.8500e+03,3.3331e-07
5.8600e+03,3.3420e-07
5.8700e+03,3.3512e-07
5.8800e+03,3.3601e-07
5.8900e+03,3.3680e-07
5.9000e+03,3.3747e-07
5.9100e+03,3.3799e-07
5.9200e+03,3.3836e-07
5.9300e+03,3.3858e-07
5.9400e+03,3.3869e-07
5.9500e+03,3.3872e-07
5.9600e+03,3.3871e-07
5.9700e+03,3.3866e-07
5.9800e+03,3.3852e-07
5.9900e+03,3.3821e-07
6.0000e+03,3.3765e-07
6.0100e+03,3.3676e-07
6.0200e+03,3.3550e-07
6.0300e+03,3.3388e-07
6.0400e+03,3.3193e-07
6.0500e+03,3.2972e-07
6.0600e+03,3.2735e-07
6.0700e+03,3.2492e-07
6.0800e+03,3.2255e-07
6.0900e+03,3.2034e-07
6.1000e+03,3.1833e-07
6.1100e+03,3.1646e-07
6.1200e+03,3.1456e-07
6.1300e+03,3.1237e-07
6.1400e+03,3.0964e-07
6.1500e+03,3.0624e-07
6.1600e+03,3.0219e-07
6.1700e+03,2.9774e-07
6.1800e+03,2.9326e-07
6.1900e+03,2.8913e-07
6.2000e+03,2.8565e-07
6.2100e+03,2.8294e-07
6.2200e+03,2.8093e-07
6.2300e+03,2.7946e-07
6.2400e+03,2.7836e-07
6.2500e+03,2.7754e-07
6.2600e+03,2.7695e-07
6.2700e+03,2.7658e-07
6.2800e+03,2.7643e-07
6.2900e+03,2.7648e-07
6.3000e+03,2.7671e-07
6.3100e+03,2.7710e-07
6.3200e+03,2.7757e-07
6.3300e+03,2.7805e-07
6.3400e+03,2.7846e-07
6.3500e+03,2.7871e-07
6.3600e+03,2.7878e-07
6.3700e+03,2.7869e-07
6.3800e+03,2.7851e-07
6.3900e+03,2.7835e-07
6.4000e+03,2.7829e-07
6.4100e+03,2.7836e-07
6.4200e+03,2.7856e-07
6.4300e+03,2.7887e-07
6.4400e+03,2.7927e-07
6.4500e+03,2.7974e-07
6.4600e+03,2.8028e-07
6.4700e+03,2.8087e-07
6.4800e+03,2.8150e-07
6.4900e+03,2.8217e-07
6.5000e+03,2.8292e-07
6.5100e+03,2.8384e-07
6.5200e+03,2.8501e-07
6.5300e+03,2.8646e-07
6.5400e+03,2.8819e-07
6.5500e+03,2.9012e-07
6.5600e+03,2.9210e-07
6.5700e+03,2.9396e-07
6.5800e+03,2.9556e-07
6.5900e+03,2.9678e-07
6.6000e+03,2.9762e-07
6.6100e+03,2.9812e-07
6.6200e+03,2.9838e-07
6.6300e+03,2.9850e-07
6.6400e+03,2.9854e-07
6.6500e+03,2.9856e-07
6.6600e+03,2.9856e-07
6.6700e+03,2.9857e-07
6.6800e+03,2.9858e-07
6.6900e+03,2.9859e-07
6.7000e+03,2.9860e-07
6.7100e+03,2.9861e-07
6.7200e+03,2.9861e-07
6.7300e+03,2.9862e-07
6.7400e+03,2.9865e-07
6.7500e+03,2.9870e-07
6.7600e+03,2.9876e-07
6.7700e+03,2.9883e-07
6.7800e+03,2.9888e-07
6.7900e+03,2.9891e-07
6.8000e+03,2.9895e-07
6.8100e+03,2.9904e-07
6.8200e+03,2.9921e-07
6.8300e+03,2.9951e-07
6.8400e+03,2.9994e-07
6.8500e+03,3.0053e-07
6.8600e+03,3.0127e-07
6.8700e+03,3.0208e-07
6.8800e+03,3.0291e-07
6.8900e+03,3.0369e-07
6.9000e+03,3.0440e-07
6.9100e+03,3.0502e-07
6.9200e+03,3.0555e-07
6.9300e+03,3.0597e-07
6.9400e+03,3.0628e-07
6.9500e+03,3.0650e-07
6.9600e+03,3.0665e-07
6.9700e+03,3.0677e-07
6.9800e+03,3.0689e-07
6.9900e+03,3.0701e-07
7.0000e+03,3.0714e-07
7.0100e+03,3.0728e-07
7.0200e+03,3.0739e-07
7.0300e+03,3.0750e-07
7.0400e+03,3.0763e-07
7.0500e+03,3.0782e-07
7.0600e+03,3.0811e-07
7.0700e+03,3.0850e-07
7.0800e+03,3.0896e-07
7.0900e+03,3.0944e-07
7.1000e+03,3.0989e-07
7.1100e+03,3.1026e-07
7.1200e+03,3.1050e-07
7.1300e+03,3.1059e-07
7.1400e+03,3.1055e-07
7.1500e+03,3.1044e-07
7.1600e+03,3.1036e-07
7.1700e+03,3.1043e-07
7.1800e+03,3.1069e-07
7.1900e+03,3.1110e-07
7.2000e+03,3.1154e-07
7.2100e+03,3.1184e-07
7.2200e+03,3.1188e-07
7.2300e+03,3.1170e-07
7.2400e+03,3.1139e-07
7.2500e+03,3.1110e-07
7.2600e+03,3.1088e-07
7.2700e+03,3.1076e-07
7.2800e+03,3.1070e-07
7.2900e+03,3.1071e-07
7.3000e+03,3.1081e-07
7.3100e+03,3.1101e-07
7.3200e+03,3.1129e-07
7.3300e+03,3.1160e-07
7.3400e+03,3.1190e-07
7.3500e+03,3.1216e-07
7.3600e+03,3.1238e-07
7.3700e+03,3.1259e-07
7.3800e+03,3.1282e-07
7.3900e+03,3.1309e-07
7.4000e+03,3.1341e-07
7.4100e+03,3.1378e-07
7.4200e+03,3.1419e-07
7.4300e+03,3.1464e-07
7.4400e+03,3.1512e-07
7.4500e+03,3.1560e-07
7.4600e+03,3.1608e-07
7.4700e+03,3.1657e-07
7.4800e+03,3.1715e-07
7.4900e+03,3.1788e-07
7.5000e+03,3.1885e-07
7.5100e+03,3.2004e-07
7.5200e+03,3.2136e-07
7.5300e+03,3.2264e-07
7.5400e+03,3.2372e-07
7.5500e+03,3.2451e-07
7.5600e+03,3.2497e-07
7.5700e+03,3.2517e-07
7.5800e+03,3.2516e-07
7.5900e+03,3.2505e-07
7.6000e+03,3.2488e-07
7.6100e+03,3.2473e-07
7.6200e+03,3.2465e-07
7.6300e+03,3.2465e-07
7.6400e+03,3.2471e-07
7.6500e+03,3.2482e-07
7.6600e+03,3.2492e-07
7.6700e+03,3.2499e-07
7.6800e+03,3.2504e-07
7.6900e+03,3.2507e-07
7.7000e+03,3.2508e-07
7.7100e+03,3.2509e-07
7.7200e+03,3.2510e-07
7.7300e+03,3.2513e-07
7.7400e+03,3.2517e-07
7.7500e+03,3.2522e-07
7.7600e+03,3.2527e-07
7.7700e+03,3.2531e-07
7.7800e+03,3.2536e-07
7.7900e+03,3.2541e-07
7.8000e+03,3.2549e-07
7.8100e+03,3.2562e-07
7.8200e+03,3.2580e-07
7.8300e+03,3.2603e-07
7.8400e+03,3.2629e-07
7.8500e+03,3.2658e-07
7.8600e+03,3.2694e-07
7.8700e+03,3.2739e-07
7.8800e+03,3.2799e-07
7.8900e+03,3.2879e-07
7.9000e+03,3.2978e-07
7.9100e+03,3.3091e-07
7.9200e+03,3.3212e-07
7.9300e+03,3.3333e-07
7.9400e+03,3.3449e-07
7.9500e+03,3.3555e-07
7.9600e+03,3.3651e-07
7.9700e+03,3.3738e-07
7.9800e+03,3.3819e-07
7.9900e+03,3.3896e-07
8.0000e+03,3.3970e-07
8.0100e+03,3.4035e-07
8.0200e+03,3.4086e-07
8.0300e+03,3.4116e-07
8.0400e+03,3.4123e-07
8.0500e+03,3.4108e-07
8.0600e+03,3.4074e-07
8.0700e+03,3.4022e-07
8.0800e+03,3.3953e-07
8.0900e+03,3.3869e-07
8.1000e+03,3.3771e-07
8.1100e+03,3.3662e-07
8.1200e+03,3.3550e-07
8.1300e+03,3.3442e-07
8.1400e+03,3.3344e-07
8.1500e+03,3.3263e-07
8.1600e+03,3.3208e-07
8.1700e+03,3.3193e-07
8.1800e+03,3.3224e-07
8.1900e+03,3.3304e-07
8.2000e+03,3.3425e-07
8.2100e+03,3.3570e-07
8.2200e+03,3.3720e-07
8.2300e+03,3.3854e-07
8.2400e+03,3.3955e-07
8.2500e+03,3.4013e-07
8.2600e+03,3.4029e-07
8.2700e+03,3.4011e-07
8.2800e+03,3.3975e-07
8.2900e+03,3.3935e-07
8.3000e+03,3.3907e-07
8.3100e+03,3.3899e-07
8.3200e+03,3.3914e-07
8.3300e+03,3.3944e-07
8.3400e+03,3.3977e-07
8.3500e+03,3.3999e-07
8.3600e+03,3.4000e-07
8.3700e+03,3.3978e-07
8.3800e+03,3.3940e-07
8.3900e+03,3.3894e-07
8.4000e+03,3.3851e-07
8.4100e+03,3.3815e-07
8.4200e+03,3.3787e-07
8.4300e+03,3.3766e-07
8.4400e+03,3.3750e-07
8.4500e+03,3.3740e-07
8.4600e+03,3.3736e-07
8.4700e+03,3.3736e-07
8.4800e+03,3.3739e-07
8.4900e+03,3.3742e-07
8.5000e+03,3.3744e-07
8.5100e+03,3.3740e-07
8.5200e+03,3.3729e-07
8.5300e+03,3.3708e-07
8.5400e+03,3.3676e-07
8.5500e+03,3.3635e-07
8.5600e+03,3.3587e-07
8.5700e+03,3.3538e-07
8.5800e+03,3.3491e-07
8.5900e+03,3.3448e-07
8.6000e+03,3.3409e-07
8.6100e+03,3.3375e-07
8.6200e+03,3.3348e-07
8.6300e+03,3.3332e-07
8.6400e+03,3.3329e-07
8.6500e+03,3.3337e-07
8.6600e+03,3.3353e-07
8.6700e+03,3.3371e-07
8.6800e+03,3.3388e-07
8.6900e+03,3.3401e-07
8.7000e+03,3.3409e-07
8.7100e+03,3.3413e-07
8.7200e+03,3.3415e-07
8.7300e+03,3.3416e-07
8.7400e+03,3.3416e-07
8.7500e+03,3.3415e-07
8.7600e+03,3.3413e-07
8.7700e+03,3.3409e-07
8.7800e+03,3.3402e-07
8.7900e+03,3.3390e-07
8.8000e+03,3.3370e-07
8.8100e+03,3.3335e-07
8.8200e+03,3.3280e-07
8.8300e+03,3.3201e-07
8.8400e+03,3.3102e-07
8.8500e+03,3.2988e-07
8.8600e+03,3.2868e-07
8.8700e+03,3.2752e-07
8.8800e+03,3.2647e-07
8.8900e+03,3.2557e-07
8.9000e+03,3.2483e-07
8.9100e+03,3.2425e-07
8.9200e+03,3.2380e-07
8.9300e+03,3.2351e-07
8.9400e+03,3.2336e-07
8.9500e+03,3.2334e-07
8.9600e+03,3.2341e-07
8.9700e+03,3.2351e-07
8.9800e+03,3.2360e-07
8.9900e+03,3.2366e-07
9.0000e+03,3.2369e-07
9.0100e+03,3.2367e-07
9.0200e+03,3.2360e-07
9.0300e+03,3.2349e-07
9.0400e+03,3.2333e-07
9.0500e+03,3.2313e-07
9.0600e+03,3.2290e-07
9.0700e+03,3.2264e-07
9.0800e+03,3.2234e-07
9.0900e+03,3.2206e-07
9.1000e+03,3.2185e-07
9.1100e+03,3.2177e-07
9.1200e+03,3.2183e-07
9.1300e+03,3.2199e-07
9.1400e+03,3.2218e-07
9.1500e+03,3.2228e-07
9.1600e+03,3.2229e-07
9.1700e+03,3.2224e-07
9.1800e+03,3.2226e-07
9.1900e+03,3.2247e-07
9.2000e+03,3.2292e-07
9.2100e+03,3.2358e-07
9.2200e+03,3.2434e-07
9.2300e+03,3.2502e-07
9.2400e+03,3.2550e-07
9.2500e+03,3.2567e-07
9.2600e+03,3.2555e-07
9.2700e+03,3.2528e-07
9.2800e+03,3.2504e-07
9.2900e+03,3.2499e-07
9.3000e+03,3.2525e-07
9.3100e+03,3.2583e-07
9.3200e+03,3.2670e-07
9.3300e+03,3.2776e-07
9.3400e+03,3.2890e-07
9.3500e+03,3.2999e-07
9.3600e+03,3.3091e-07
9.3700e+03,3.3158e-07
9.3800e+03,3.3192e-07
9.3900e+03,3.3192e-07
9.4000e+03,3.3156e-07
9.4100e+03,3.3088e-07
9.4200e+03,3.2993e-07
9.4300e+03,3.2879e-07
9.4400e+03,3.2754e-07
9.4500e+03,3.2625e-07
9.4600e+03,3.2497e-07
9.4700e+03,3.2375e-07
9.4800e+03,3.2261e-07
9.4900e+03,3.2162e-07
9.5000e+03,3.2077e-07
9.5100e+03,3.2007e-07
9.5200e+03,3.1952e-07
9.5300e+03,3.1910e-07
9.5400e+03,3.1878e-07
9.5500e+03,3.1855e-07
9.5600e+03,3.1840e-07
9.5700e+03,3.1833e-07
9.5800e+03,3.1836e-07
9.5900e+03,3.1847e-07
9.6000e+03,3.1864e-07
9.6100e+03,3.1885e-07
9.6200e+03,3.1906e-07
9.6300e+03,3.1930e-07
9.6400e+03,3.1959e-07
9.6500e+03,3.1999e-07
9.6600e+03,3.2050e-07
9.6700e+03,3.2109e-07
9.6800e+03,3.2169e-07
9.6900e+03,3.2223e-07
9.7000e+03,3.2264e-07
9.7100e+03,3.2291e-07
9.7200e+03,3.2308e-07
9.7300e+03,3.2317e-07
9.7400e+03,3.2321e-07
9.7500e+03,3.2322e-07
9.7600e+03,3.2321e-07
9.7700e+03,3.2321e-07
9.7800e+03,3.2322e-07
9.7900e+03,3.2325e-07
9.8000e+03,3.2332e-07
9.8100e+03,3.2342e-07
9.8200e+03,3.2358e-07
9.8300e+03,3.2380e-07
9.8400e+03,3.2410e-07
9.8500e+03,3.2444e-07
9.8600e+03,3.2479e-07
9.8700e+03,3.2507e-07
9.8800e+03,3.2521e-07
9.8900e+03,3.2517e-07
9.9000e+03,3.2496e-07
9.9100e+03,3.2462e-07
9.9200e+03,3.2421e-07
9.9300e+03,3.2379e-07
9.9400e+03,3.2344e-07
9.9500e+03,3.2317e-07
9.9600e+03,3.2300e-07
9.9700e+03,3.2292e-07
9.9800e+03,3.2289e-07
9.9900e+03,3.2287e-07
1.0000e+04,3.2281e-07
