# Time , Side-Flux
0.0000e+00,0.0000e+00
1.0000e+01,2.8103e-11
2.0000e+01,5.6190e-11
3.0000e+01,8.4244e-11
4.0000e+01,1.1225e-10
5.0000e+01,1.4019e-10
6.0000e+01,1.6805e-10
7.0000e+01,1.9581e-10
8.0000e+01,2.2346e-10
9.0000e+01,2.5098e-10
1.0000e+02,2.7837e-10
1.1000e+02,3.0559e-10
1.2000e+02,3.3265e-10
1.3000e+02,3.5952e-10
1.4000e+02,3.8620e-10
1.5000e+02,4.1267e-10
1.6000e+02,4.3892e-10
1.7000e+02,4.6493e-10
1.8000e+02,4.9071e-10
1.9000e+02,5.1623e-10
2.0000e+02,5.4150e-10
2.1000e+02,5.6649e-10
2.2000e+02,5.9121e-10
2.3000e+02,6.1564e-10
2.4000e+02,6.3978e-10
2.5000e+02,6.6363e-10
2.6000e+02,6.8717e-10
2.7000e+02,7.1040e-10
2.8000e+02,7.3332e-10
2.9000e+02,7.5592e-10
3.0000e+02,7.7821e-10
3.1000e+02,8.0017e-10
3.2000e+02,8.2181e-10
3.3000e+02,8.4313e-10
3.4000e+02,8.6412e-10
3.5000e+02,8.8478e-10
3.6000e+02,9.0511e-10
3.7000e+02,9.2512e-10
3.8000e+02,9.4481e-10
3.9000e+02,9.6417e-10
4.0000e+02,9.8321e-10
4.1000e+02,1.0019e-09
4.2000e+02,1.0203e-09
4.3000e+02,1.0384e-09
4.4000e+02,1.0562e-09
4.5000e+02,1.0736e-09
4.6000e+02,1.0908e-09
4.7000e+02,1.1076e-09
4.8000e+02,1.1242e-09
4.9000e+02,1.1404e-09
5.0000e+02,1.1564e-09
5.1000e+02,1.1721e-09
5.2000e+02,1.1875e-09
5.3000e+02,1.2026e-09
5.4000e+02,1.2174e-09
5.5000e+02,1.2320e-09
5.6000e+02,1.2463e-09
5.7000e+02,1.2603e-09
5.8000e+02,1.2741e-09
5.9000e+02,1.2876e-09
6.0000e+02,1.3009e-09
6.1000e+02,1.3139e-09
6.2000e+02,1.3267e-09
6.3000e+02,1.3392e-09
6.4000e+02,1.3516e-09
6.5000e+02,1.3636e-09
6.6000e+02,1.3755e-09
6.7000e+02,1.3872e-09
6.8000e+02,1.3986e-09
6.9000e+02,1.4098e-09
7.0000e+02,1.4209e-09
7.1000e+02,1.4317e-09
7.2000e+02,1.4423e-09
7.3000e+02,1.4527e-09
7.4000e+02,1.4630e-09
7.5000e+02,1.4730e-09
7.6000e+02,1.4829e-09
7.7000e+02,1.4926e-09
7.8000e+02,1.5021e-09
7.9000e+02,1.5114e-09
8.0000e+02,1.5206e-09
8.1000e+02,1.5296e-09
8.2000e+02,1.5384e-09
8.3000e+02,1.5471e-09
8.4000e+02,1.5556e-09
8.5000e+02,1.5640e-09
8.6000e+02,1.5722e-09
8.7000e+02,1.5802e-09
8.8000e+02,1.5882e-09
8.9000e+02,1.5959e-09
9.0000e+02,1.6035e-09
9.1000e+02,1.6110e-09
9.2000e+02,1.6183e-09
9.3000e+02,1.6255e-09
9.4000e+02,1.6326e-09
9.5000e+02,1.6395e-09
9.6000e+02,1.6463e-09
9.7000e+02,1.6530e-09
9.8000e+02,1.6595e-09
9.9000e+02,1.6659e-09
1.0000e+03,1.6722e-09
1.0100e+03,1.6783e-09
1.0200e+03,1.6844e-09
1.0300e+03,1.6903e-09
1.0400e+03,1.6960e-09
1.0500e+03,1.7017e-09
1.0600e+03,1.7072e-09
1.0700e+03,1.7126e-09
1.0800e+03,1.7179e-09
1.0900e+03,1.7230e-09
1.1000e+03,1.7280e-09
1.1100e+03,1.7329e-09
1.1200e+03,1.7377e-09
1.1300e+03,1.7424e-09
1.1400e+03,1.7469e-09
1.1500e+03,1.7513e-09
1.1600e+03,1.7556e-09
1.1700e+03,1.7598e-09
1.1800e+03,1.7638e-09
1.1900e+03,1.7678e-09
1.2000e+03,1.7716e-09
1.2100e+03,1.7752e-09
1.2200e+03,1.7788e-09
1.2300e+03,1.7822e-09
1.2400e+03,1.7856e-09
1.2500e+03,1.7888e-09
1.2600e+03,1.7919e-09
1.2700e+03,1.7948e-09
1.2800e+03,1.7977e-09
1.2900e+03,1.8004e-09
1.3000e+03,1.8030e-09
1.3100e+03,1.8055e-09
1.3200e+03,1.8079e-09
1.3300e+03,1.8102e-09
1.3400e+03,1.8123e-09
1.3500e+03,1.8144e-09
1.3600e+03,1.8164e-09
1.3700e+03,1.8182e-09
1.3800e+03,1.8200e-09
1.3900e+03,1.8216e-09
1.4000e+03,1.8231e-09
1.4100e+03,1.8246e-09
1.4200e+03,1.8260e-09
1.4300e+03,1.8272e-09
1.4400e+03,1.8284e-09
1.4500e+03,1.8295e-09
1.4600e+03,1.8305e-09
1.4700e+03,1.8314e-09
1.4800e+03,1.8323e-09
1.4900e+03,1.8330e-09
1.5000e+03,1.8338e-09
1.5100e+03,1.8344e-09
1.5200e+03,1.8350e-09
1.5300e+03,1.8355e-09
1.5400e+03,1.8359e-09
1.5500e+03,1.8363e-09
1.5600e+03,1.8367e-09
1.5700e+03,1.8370e-09
1.5800e+03,1.8372e-09
1.5900e+03,1.8375e-09
1.6000e+03,1.8376e-09
1.6100e+03,1.8378e-09
1.6200e+03,1.8379e-09
1.6300e+03,1.8380e-09
1.6400e+03,1.8381e-09
1.6500e+03,1.8381e-09
1.6600e+03,1.8381e-09
1.6700e+03,1.8382e-09
1.6800e+03,1.8382e-09
1.6900e+03,1.8382e-09
1.7000e+03,1.8382e-09
1.7100e+03,1.8382e-09
1.7200e+03,1.8382e-09
1.7300e+03,1.8382e-09
1.7400e+03,1.8383e-09
1.7500e+03,1.8383e-09
1.7600e+03,1.8384e-09
1.7700e+03,1.8384e-09
1.7800e+03,1.8385e-09
1.7900e+03,1.8387e-09
1.8000e+03,1.8388e-09
1.8100e+03,1.8390e-09
1.8200e+03,1.8392e-09
1.8300e+03,1.8395e-09
1.8400e+03,1.8398e-09
1.8500e+03,1.8401e-09
1.8600e+03,1.8405e-09
1.8700e+03,1.8409e-09
1.8800e+03,1.8414e-09
1.8900e+03,1.8419e-09
1.9000e+03,1.8424e-09
1.9100e+03,1.8430e-09
1.9200e+03,1.8437e-09
1.9300e+03,1.8444e-09
1.9400e+03,1.8452e-09
1.9500e+03,1.8460e-09
1.9600e+03,1.8469e-09
1.9700e+03,1.8479e-09
1.9800e+03,1.8489e-09
1.9900e+03,1.8499e-09
2.0000e+03,1.8511e-09
2.0100e+03,1.8522e-09
2.0200e+03,1.8535e-09
2.0300e+03,1.8548e-09
2.0400e+03,1.8562e-09
2.0500e+03,1.8576e-09
2.0600e+03,1.8591e-09
2.0700e+03,1.8607e-09
2.0800e+03,1.8623e-09
2.0900e+03,1.8640e-09
2.1000e+03,1.8657e-09
2.1100e+03,1.8675e-09
2.1200e+03,1.8694e-09
2.1300e+03,1.8713e-09
2.1400e+03,1.8733e-09
2.1500e+03,1.8753e-09
2.1600e+03,1.8774e-09
2.1700e+03,1.8796e-09
2.1800e+03,1.8817e-09
2.1900e+03,1.8840e-09
2.2000e+03,1.8863e-09
2.2100e+03,1.8886e-09
2.2200e+03,1.8910e-09
2.2300e+03,1.8935e-09
2.2400e+03,1.8960e-09
2.2500e+03,1.8985e-09
2.2600e+03,1.9011e-09
2.2700e+03,1.9037e-09
2.2800e+03,1.9063e-09
2.2900e+03,1.9090e-09
2.3000e+03,1.9117e-09
2.3100e+03,1.9144e-09
2.3200e+03,1.9172e-09
2.3300e+03,1.9200e-09
2.3400e+03,1.9228e-09
2.3500e+03,1.9257e-09
2.3600e+03,1.9286e-09
2.3700e+03,1.9315e-09
2.3800e+03,1.9344e-09
2.3900e+03,1.9374e-09
2.4000e+03,1.9403e-09
2.4100e+03,1.9433e-09
2.4200e+03,1.9463e-09
2.4300e+03,1.9493e-09
2.4400e+03,1.9523e-09
2.4500e+03,1.9553e-09
2.4600e+03,1.9584e-09
2.4700e+03,1.9614e-09
2.4800e+03,1.9645e-09
2.4900e+03,1.9676e-09
2.5000e+03,1.9706e-09
2.5100e+03,1.9737e-09
2.5200e+03,1.9768e-09
2.5300e+03,1.9799e-09
2.5400e+03,1.9830e-09
2.5500e+03,1.9861e-09
2.5600e+03,1.9892e-09
2.5700e+03,1.9923e-09
2.5800e+03,1.9955e-09
2.5900e+03,1.9986e-09
2.6000e+03,2.0017e-09
2.6100e+03,2.0048e-09
2.6200e+03,2.0079e-09
2.6300e+03,2.0111e-09
2.6400e+03,2.0142e-09
2.6500e+03,2.0173e-09
2.6600e+03,2.0205e-09
2.6700e+03,2.0236e-09
2.6800e+03,2.0268e-09
2.6900e+03,2.0299e-09
2.7000e+03,2.0331e-09
2.7100e+03,2.0362e-09
2.7200e+03,2.0394e-09
2.7300e+03,2.0425e-09
2.7400e+03,2.0457e-09
2.7500e+03,2.0489e-09
2.7600e+03,2.0520e-09
2.7700e+03,2.0552e-09
2.7800e+03,2.0584e-09
2.7900e+03,2.0616e-09
2.8000e+03,2.0647e-09
2.8100e+03,2.0679e-09
2.8200e+03,2.0711e-09
2.8300e+03,2.0743e-09
2.8400e+03,2.0775e-09
2.8500e+03,2.0807e-09
2.8600e+03,2.0839e-09
2.8700e+03,2.0870e-09
2.8800e+03,2.0902e-09
2.8900e+03,2.0934e-09
2.9000e+03,2.0966e-09
2.9100e+03,2.0998e-09
2.9200e+03,2.1029e-09
2.9300e+03,2.1061e-09
2.9400e+03,2.1093e-09
2.9500e+03,2.1124e-09
2.9600e+03,2.1156e-09
2.9700e+03,2.1187e-09
2.9800e+03,2.1219e-09
2.9900e+03,2.1250e-09
3.0000e+03,2.1281e-09
3.0100e+03,2.1312e-09
3.0200e+03,2.1343e-09
3.0300e+03,2.1373e-09
3.0400e+03,2.1404e-09
3.0500e+03,2.1434e-09
3.0600e+03,2.1464e-09
3.0700e+03,2.1494e-09
3.0800e+03,2.1524e-09
3.0900e+03,2.1553e-09
3.1000e+03,2.1583e-09
3.1100e+03,2.1612e-09
3.1200e+03,2.1640e-09
3.1300e+03,2.1669e-09
3.1400e+03,2.1697e-09
3.1500e+03,2.1725e-09
3.1600e+03,2.1752e-09
3.1700e+03,2.1780e-09
3.1800e+03,2.1806e-09
3.1900e+03,2.1833e-09
3.2000e+03,2.1859e-09
3.2100e+03,2.1885e-09
3.2200e+03,2.1910e-09
3.2300e+03,2.1935e-09
3.2400e+03,2.1960e-09
3.2500e+03,2.1984e-09
3.2600e+03,2.2008e-09
3.2700e+03,2.2031e-09
3.2800e+03,2.2054e-09
3.2900e+03,2.2076e-09
3.3000e+03,2.2098e-09
3.3100e+03,2.2119e-09
3.3200e+03,2.2140e-09
3.3300e+03,2.2161e-09
3.3400e+03,2.2181e-09
3.3500e+03,2.2201e-09
3.3600e+03,2.2220e-09
3.3700e+03,2.2238e-09
3.3800e+03,2.2256e-09
3.3900e+03,2.2274e-09
3.4000e+03,2.2291e-09
3.4100e+03,2.2307e-09
3.4200e+03,2.2324e-09
3.4300e+03,2.2339e-09
3.4400e+03,2.2354e-09
3.4500e+03,2.2369e-09
3.4600e+03,2.2383e-09
3.4700e+03,2.2396e-09
3.4800e+03,2.2409e-09
3.4900e+03,2.2422e-09
3.5000e+03,2.2434e-09
3.5100e+03,2.2445e-09
3.5200e+03,2.2456e-09
3.5300e+03,2.2467e-09
3.5400e+03,2.2477e-09
3.5500e+03,2.2486e-09
3.5600e+03,2.2496e-09
3.5700e+03,2.2504e-09
3.5800e+03,2.2513e-09
3.5900e+03,2.2520e-09
3.6000e+03,2.2528e-09
3.6100e+03,2.2535e-09
3.6200e+03,2.2541e-09
3.6300e+03,2.2547e-09
3.6400e+03,2.2553e-09
3.6500e+03,2.2558e-09
3.6600e+03,2.2563e-09
3.6700e+03,2.2568e-09
3.6800e+03,2.2572e-09
3.6900e+03,2.2576e-09
3.7000e+03,2.2580e-09
3.7100e+03,2.2583e-09
3.7200e+03,2.2586e-09
3.7300e+03,2.2589e-09
3.7400e+03,2.2591e-09
3.7500e+03,2.2593e-09
3.7600e+03,2.2595e-09
3.7700e+03,2.2597e-09
3.7800e+03,2.2598e-09
3.7900e+03,2.2600e-09
3.8000e+03,2.2601e-09
3.8100e+03,2.2602e-09
3.8200e+03,2.2602e-09
3.8300e+03,2.2603e-09
3.8400e+03,2.2603e-09
3.8500e+03,2.2603e-09
3.8600e+03,2.2603e-09
3.8700e+03,2.2603e-09
3.8800e+03,2.2603e-09
3.8900e+03,2.2603e-09
3.9000e+03,2.2603e-09
3.9100e+03,2.2603e-09
3.9200e+03,2.2602e-09
3.9300e+03,2.2602e-09
3.9400e+03,2.2601e-09
3.9500e+03,2.2601e-09
3.9600e+03,2.2600e-09
3.9700e+03,2.2600e-09
3.9800e+03,2.2599e-09
3.9900e+03,2.2599e-09
4.0000e+03,2.2598e-09
4.0100e+03,2.2597e-09
4.0200e+03,2.2597e-09
4.0300e+03,2.2596e-09
4.0400e+03,2.2596e-09
4.0500e+03,2.2596e-09
4.0600e+03,2.2595e-09
4.0700e+03,2.2595e-09
4.0800e+03,2.2594e-09
4.0900e+03,2.2594e-09
4.1000e+03,2.2594e-09
4.1100e+03,2.2594e-09
4.1200e+03,2.2594e-09
4.1300e+03,2.2594e-09
4.1400e+03,2.2594e-09
4.1500e+03,2.2594e-09
4.1600e+03,2.2594e-09
4.1700e+03,2.2594e-09
4.1800e+03,2.2594e-09
4.1900e+03,2.2595e-09
4.2000e+03,2.2595e-09
4.2100e+03,2.2596e-09
4.2200e+03,2.2596e-09
4.2300e+03,2.2597e-09
4.2400e+03,2.2597e-09
4.2500e+03,2.2598e-09
4.2600e+03,2.2599e-09
4.2700e+03,2.2600e-09
4.2800e+03,2.2601e-09
4.2900e+03,2.2602e-09
4.3000e+03,2.2603e-09
4.3100e+03,2.2604e-09
4.3200e+03,2.2605e-09
4.3300e+03,2.2607e-09
4.3400e+03,2.2608e-09
4.3500e+03,2.2609e-09
4.3600e+03,2.2611e-09
4.3700e+03,2.2612e-09
4.3800e+03,2.2614e-09
4.3900e+03,2.2616e-09
4.4000e+03,2.2617e-09
4.4100e+03,2.2619e-09
4.4200e+03,2.2621e-09
4.4300e+03,2.2623e-09
4.4400e+03,2.2625e-09
4.4500e+03,2.2627e-09
4.4600e+03,2.2629e-09
4.4700e+03,2.2631e-09
4.4800e+03,2.2633e-09
4.4900e+03,2.2636e-09
4.5000e+03,2.2638e-09
4.5100e+03,2.2641e-09
4.5200e+03,2.2643e-09
4.5300e+03,2.2646e-09
4.5400e+03,2.2648e-09
4.5500e+03,2.2651e-09
4.5600e+03,2.2654e-09
4.5700e+03,2.2657e-09
4.5800e+03,2.2660e-09
4.5900e+03,2.2663e-09
4.6000e+03,2.2666e-09
4.6100e+03,2.2669e-09
4.6200e+03,2.2672e-09
4.6300e+03,2.2676e-09
4.6400e+03,2.2679e-09
4.6500e+03,2.2682e-09
4.6600e+03,2.2686e-09
4.6700e+03,2.2690e-09
4.6800e+03,2.2694e-09
4.6900e+03,2.2697e-09
4.7000e+03,2.2701e-09
4.7100e+03,2.2705e-09
4.7200e+03,2.2710e-09
4.7300e+03,2.2714e-09
4.7400e+03,2.2718e-09
4.7500e+03,2.2723e-09
4.7600e+03,2.2727e-09
4.7700e+03,2.2732e-09
4.7800e+03,2.2736e-09
4.7900e+03,2.2741e-09
4.8000e+03,2.2746e-09
4.8100e+03,2.2751e-09
4.8200e+03,2.2757e-09
4.8300e+03,2.2762e-09
4.8400e+03,2.2767e-09
4.8500e+03,2.2773e-09
4.8600e+03,2.2778e-09
4.8700e+03,2.2784e-09
4.8800e+03,2.2790e-09
4.8900e+03,2.2796e-09
4.9000e+03,2.2802e-09
4.9100e+03,2.2808e-09
4.9200e+03,2.2815e-09
4.9300e+03,2.2821e-09
4.9400e+03,2.2827e-09
4.9500e+03,2.2834e-09
4.9600e+03,2.2841e-09
4.9700e+03,2.2847e-09
4.9800e+03,2.2854e-09
4.9900e+03,2.2861e-09
5.0000e+03,2.2868e-09
5.0100e+03,2.2875e-09
5.0200e+03,2.2882e-09
5.0300e+03,2.2890e-09
5.0400e+03,2.2897e-09
5.0500e+03,2.2904e-09
5.0600e+03,2.2912e-09
5.0700e+03,2.2919e-09
5.0800e+03,2.2926e-09
5.0900e+03,2.2934e-09
5.1000e+03,2.2941e-09
5.1100e+03,2.2949e-09
5.1200e+03,2.2956e-09
5.1300e+03,2.2964e-09
5.1400e+03,2.2971e-09
5.1500e+03,2.2978e-09
5.1600e+03,2.2986e-09
5.1700e+03,2.2993e-09
5.1800e+03,2.3000e-09
5.1900e+03,2.3007e-09
5.2000e+03,2.3014e-09
5.2100e+03,2.3022e-09
5.2200e+03,2.3028e-09
5.2300e+03,2.3035e-09
5.2400e+03,2.3042e-09
5.2500e+03,2.3049e-09
5.2600e+03,2.3055e-09
5.2700e+03,2.3061e-09
5.2800e+03,2.3068e-09
5.2900e+03,2.3074e-09
5.3000e+03,2.3079e-09
5.3100e+03,2.3085e-09
5.3200e+03,2.3091e-09
5.3300e+03,2.3096e-09
5.3400e+03,2.3101e-09
5.3500e+03,2.3106e-09
5.3600e+03,2.3111e-09
5.3700e+03,2.3116e-09
5.3800e+03,2.3120e-09
5.3900e+03,2.3124e-09
5.4000e+03,2.3128e-09
5.4100e+03,2.3132e-09
5.4200e+03,2.3136e-09
5.4300e+03,2.3139e-09
5.4400e+03,2.3142e-09
5.4500e+03,2.3145e-09
5.4600e+03,2.3148e-09
5.4700e+03,2.3150e-09
5.4800e+03,2.3152e-09
5.4900e+03,2.3154e-09
5.5000e+03,2.3156e-09
5.5100e+03,2.3157e-09
5.5200e+03,2.3159e-09
5.5300e+03,2.3160e-09
5.5400e+03,2.3161e-09
5.5500e+03,2.3161e-09
5.5600e+03,2.3161e-09
5.5700e+03,2.3162e-09
5.5800e+03,2.3161e-09
5.5900e+03,2.3161e-09
5.6000e+03,2.3161e-09
5.6100e+03,2.3160e-09
5.6200e+03,2.3159e-09
5.6300e+03,2.3157e-09
5.6400e+03,2.3156e-09
5.6500e+03,2.3154e-09
5.6600e+03,2.3152e-09
5.6700e+03,2.3150e-09
5.6800e+03,2.3148e-09
5.6900e+03,2.3146e-09
5.7000e+03,2.3143e-09
5.7100e+03,2.3140e-09
5.7200e+03,2.3137e-09
5.7300e+03,2.3134e-09
5.7400e+03,2.3130e-09
5.7500e+03,2.3126e-09
5.7600e+03,2.3123e-09
5.7700e+03,2.3119e-09
5.7800e+03,2.3114e-09
5.7900e+03,2.3110e-09
5.8000e+03,2.3106e-09
5.8100e+03,2.3101e-09
5.8200e+03,2.3096e-09
5.8300e+03,2.3091e-09
5.8400e+03,2.3086e-09
5.8500e+03,2.3081e-09
5.8600e+03,2.3076e-09
5.8700e+03,2.3070e-09
5.8800e+03,2.3064e-09
5.8900e+03,2.3059e-09
5.9000e+03,2.3053e-09
5.9100e+03,2.3047e-09
5.9200e+03,2.3041e-09
5.9300e+03,2.3034e-09
5.9400e+03,2.3028e-09
5.9500e+03,2.3022e-09
5.9600e+03,2.3015e-09
5.9700e+03,2.3009e-09
5.9800e+03,2.3002e-09
5.9900e+03,2.2995e-09
6.0000e+03,2.2988e-09
6.0100e+03,2.2981e-09
6.0200e+03,2.2974e-09
6.0300e+03,2.2967e-09
6.0400e+03,2.2960e-09
6.0500e+03,2.2953e-09
6.0600e+03,2.2946e-09
6.0700e+03,2.2938e-09
6.0800e+03,2.2931e-09
6.0900e+03,2.2923e-09
6.1000e+03,2.2916e-09
6.1100e+03,2.2908e-09
6.1200e+03,2.2901e-09
6.1300e+03,2.2893e-09
6.1400e+03,2.2885e-09
6.1500e+03,2.2877e-09
6.1600e+03,2.2870e-09
6.1700e+03,2.2862e-09
6.1800e+03,2.2854e-09
6.1900e+03,2.2846e-09
6.2000e+03,2.2838e-09
6.2100e+03,2.2830e-09
6.2200e+03,2.2822e-09
6.2300e+03,2.2814e-09
6.2400e+03,2.2806e-09
6.2500e+03,2.2798e-09
6.2600e+03,2.2790e-09
6.2700e+03,2.2781e-09
6.2800e+03,2.2773e-09
6.2900e+03,2.2765e-09
6.3000e+03,2.2757e-09
6.3100e+03,2.2749e-09
6.3200e+03,2.2740e-09
6.3300e+03,2.2732e-09
6.3400e+03,2.2724e-09
6.3500e+03,2.2716e-09
6.3600e+03,2.2708e-09
6.3700e+03,2.2699e-09
6.3800e+03,2.2691e-09
6.3900e+03,2.2683e-09
6.4000e+03,2.2675e-09
6.4100e+03,2.2667e-09
6.4200e+03,2.2658e-09
6.4300e+03,2.2650e-09
6.4400e+03,2.2642e-09
6.4500e+03,2.2634e-09
6.4600e+03,2.2626e-09
6.4700e+03,2.2618e-09
6.4800e+03,2.2610e-09
6.4900e+03,2.2602e-09
6.5000e+03,2.2594e-09
6.5100e+03,2.2586e-09
6.5200e+03,2.2578e-09
6.5300e+03,2.2570e-09
6.5400e+03,2.2562e-09
6.5500e+03,2.2554e-09
6.5600e+03,2.2546e-09
6.5700e+03,2.2539e-09
6.5800e+03,2.2531e-09
6.5900e+03,2.2524e-09
6.6000e+03,2.2516e-09
6.6100e+03,2.2509e-09
6.6200e+03,2.2501e-09
6.6300e+03,2.2494e-09
6.6400e+03,2.2487e-09
6.6500e+03,2.2480e-09
6.6600e+03,2.2472e-09
6.6700e+03,2.2465e-09
6.6800e+03,2.2459e-09
6.6900e+03,2.2452e-09
6.7000e+03,2.2445e-09
6.7100e+03,2.2438e-09
6.7200e+03,2.2432e-09
6.7300e+03,2.2426e-09
6.7400e+03,2.2419e-09
6.7500e+03,2.2413e-09
6.7600e+03,2.2407e-09
6.7700e+03,2.2401e-09
6.7800e+03,2.2395e-09
6.7900e+03,2.2390e-09
6.8000e+03,2.2384e-09
6.8100e+03,2.2379e-09
6.8200e+03,2.2374e-09
6.8300e+03,2.2369e-09
6.8400e+03,2.2364e-09
6.8500e+03,2.2359e-09
6.8600e+03,2.2354e-09
6.8700e+03,2.2350e-09
6.8800e+03,2.2345e-09
6.8900e+03,2.2341e-09
6.9000e+03,2.2337e-09
6.9100e+03,2.2333e-09
6.9200e+03,2.2329e-09
6.9300e+03,2.2325e-09
6.9400e+03,2.2322e-09
6.9500e+03,2.2318e-09
6.9600e+03,2.2315e-09
6.9700e+03,2.2312e-09
6.9800e+03,2.2309e-09
6.9900e+03,2.2306e-09
7.0000e+03,2.2303e-09
7.0100e+03,2.2300e-09
7.0200e+03,2.2298e-09
7.0300e+03,2.2295e-09
7.0400e+03,2.2293e-09
7.0500e+03,2.2290e-09
7.0600e+03,2.2288e-09
7.0700e+03,2.2286e-09
7.0800e+03,2.2284e-09
7.0900e+03,2.2282e-09
7.1000e+03,2.2281e-09
7.1100e+03,2.2279e-09
7.1200e+03,2.2277e-09
7.1300e+03,2.2276e-09
7.1400e+03,2.2274e-09
7.1500e+03,2.2273e-09
7.1600e+03,2.2271e-09
7.1700e+03,2.2270e-09
7.1800e+03,2.2269e-09
7.1900e+03,2.2268e-09
7.2000e+03,2.2266e-09
7.2100e+03,2.2265e-09
7.2200e+03,2.2264e-09
7.2300e+03,2.2263e-09
7.2400e+03,2.2262e-09
7.2500e+03,2.2261e-09
7.2600e+03,2.2260e-09
7.2700e+03,2.2259e-09
7.2800e+03,2.2259e-09
7.2900e+03,2.2258e-09
7.3000e+03,2.2257e-09
7.3100e+03,2.2256e-09
7.3200e+03,2.2255e-09
7.3300e+03,2.2254e-09
7.3400e+03,2.2254e-09
7.3500e+03,2.2253e-09
7.3600e+03,2.2252e-09
7.3700e+03,2.2251e-09
7.3800e+03,2.2250e-09
7.3900e+03,2.2249e-09
7.4000e+03,2.2248e-09
7.4100e+03,2.2247e-09
7.4200e+03,2.2246e-09
7.4300e+03,2.2245e-09
7.4400e+03,2.2244e-09
7.4500e+03,2.2243e-09
7.4600e+03,2.2242e-09
7.4700e+03,2.2241e-09
7.4800e+03,2.2239e-09
7.4900e+03,2.2238e-09
7.5000e+03,2.2237e-09
7.5100e+03,2.2235e-09
7.5200e+03,2.2233e-09
7.5300e+03,2.2232e-09
7.5400e+03,2.2230e-09
7.5500e+03,2.2228e-09
7.5600e+03,2.2226e-09
7.5700e+03,2.2224e-09
7.5800e+03,2.2222e-09
7.5900e+03,2.2220e-09
7.6000e+03,2.2218e-09
7.6100e+03,2.2215e-09
7.6200e+03,2.2213e-09
7.6300e+03,2.2210e-09
7.6400e+03,2.2207e-09
7.6500e+03,2.2205e-09
7.6600e+03,2.2202e-09
7.6700e+03,2.2199e-09
7.6800e+03,2.2196e-09
7.6900e+03,2.2193e-09
7.7000e+03,2.2189e-09
7.7100e+03,2.2186e-09
7.7200e+03,2.2183e-09
7.7300e+03,2.2180e-09
7.7400e+03,2.2176e-09
7.7500e+03,2.2173e-09
7.7600e+03,2.2169e-09
7.7700e+03,2.2165e-09
7.7800e+03,2.2162e-09
7.7900e+03,2.2158e-09
7.8000e+03,2.2154e-09
7.8100e+03,2.2151e-09
7.8200e+03,2.2147e-09
7.8300e+03,2.2143e-09
7.8400e+03,2.2139e-09
7.8500e+03,2.2135e-09
7.8600e+03,2.2132e-09
7.8700e+03,2.2128e-09
7.8800e+03,2.2124e-09
7.8900e+03,2.2120e-09
7.9000e+03,2.2116e-09
7.9100e+03,2.2113e-09
7.9200e+03,2.2109e-09
7.9300e+03,2.2105e-09
7.9400e+03,2.2101e-09
7.9500e+03,2.2098e-09
7.9600e+03,2.2094e-09
7.9700e+03,2.2090e-09
7.9800e+03,2.2087e-09
7.9900e+03,2.2083e-09
8.0000e+03,2.2079e-09
8.0100e+03,2.2076e-09
8.0200e+03,2.2072e-09
8.0300e+03,2.2068e-09
8.0400e+03,2.2065e-09
8.0500e+03,2.2061e-09
8.0600e+03,2.2057e-09
8.0700e+03,2.2054e-09
8.0800e+03,2.2050e-09
8.0900e+03,2.2046e-09
8.1000e+03,2.2042e-09
8.1100e+03,2.2038e-09
8.1200e+03,2.2034e-09
8.1300e+03,2.2030e-09
8.1400e+03,2.2026e-09
8.1500e+03,2.2022e-09
8.1600e+03,2.2017e-09
8.1700e+03,2.2013e-09
8.1800e+03,2.2008e-09
8.1900e+03,2.2004e-09
8.2000e+03,2.1999e-09
8.2100e+03,2.1994e-09
8.2200e+03,2.1989e-09
8.2300e+03,2.1983e-09
8.2400e+03,2.1978e-09
8.2500e+03,2.1972e-09
8.2600e+03,2.1967e-09
8.2700e+03,2.1961e-09
8.2800e+03,2.1954e-09
8.2900e+03,2.1948e-09
8.3000e+03,2.1941e-09
8.3100e+03,2.1935e-09
8.3200e+03,2.1928e-09
8.3300e+03,2.1921e-09
8.3400e+03,2.1914e-09
8.3500e+03,2.1906e-09
8.3600e+03,2.1898e-09
8.3700e+03,2.1891e-09
8.3800e+03,2.1883e-09
8.3900e+03,2.1875e-09
8.4000e+03,2.1866e-09
8.4100e+03,2.1858e-09
8.4200e+03,2.1850e-09
8.4300e+03,2.1841e-09
8.4400e+03,2.1832e-09
8.4500e+03,2.1824e-09
8.4600e+03,2.1815e-09
8.4700e+03,2.1806e-09
8.4800e+03,2.1797e-09
8.4900e+03,2.1788e-09
8.5000e+03,2.1779e-09
8.5100e+03,2.1770e-09
8.5200e+03,2.1761e-09
8.5300e+03,2.1753e-09
8.5400e+03,2.1744e-09
8.5500e+03,2.1735e-09
8.5600e+03,2.1727e-09
8.5700e+03,2.1718e-09
8.5800e+03,2.1710e-09
8.5900e+03,2.1702e-09
8.6000e+03,2.1694e-09
8.6100e+03,2.1686e-09
8.6200e+03,2.1678e-09
8.6300e+03,2.1671e-09
8.6400e+03,2.1664e-09
8.6500e+03,2.1657e-09
8.6600e+03,2.1651e-09
8.6700e+03,2.1644e-09
8.6800e+03,2.1638e-09
8.6900e+03,2.1633e-09
8.7000e+03,2.1627e-09
8.7100e+03,2.1622e-09
8.7200e+03,2.1617e-09
8.7300e+03,2.1613e-09
8.7400e+03,2.1609e-09
8.7500e+03,2.1605e-09
8.7600e+03,2.1602e-09
8.7700e+03,2.1599e-09
8.7800e+03,2.1597e-09
8.7900e+03,2.1594e-09
8.8000e+03,2.1593e-09
8.8100e+03,2.1591e-09
8.8200e+03,2.1590e-09
8.8300e+03,2.1589e-09
8.8400e+03,2.1589e-09
8.8500e+03,2.1589e-09
8.8600e+03,2.1589e-09
8.8700e+03,2.1590e-09
8.8800e+03,2.1590e-09
8.8900e+03,2.1592e-09
8.9000e+03,2.1593e-09
8.9100e+03,2.1595e-09
8.9200e+03,2.1597e-09
8.9300e+03,2.1599e-09
8.9400e+03,2.1601e-09
8.9500e+03,2.1604e-09
8.9600e+03,2.1607e-09
8.9700e+03,2.1610e-09
8.9800e+03,2.1613e-09
8.9900e+03,2.1616e-09
9.0000e+03,2.1620e-09
9.0100e+03,2.1623e-09
9.0200e+03,2.1627e-09
9.0300e+03,2.1631e-09
9.0400e+03,2.1634e-09
9.0500e+03,2.1638e-09
9.0600e+03,2.1642e-09
9.0700e+03,2.1645e-09
9.0800e+03,2.1649e-09
9.0900e+03,2.1652e-09
9.1000e+03,2.1656e-09
9.1100e+03,2.1659e-09
9.1200e+03,2.1662e-09
9.1300e+03,2.1665e-09
9.1400e+03,2.1668e-09
9.1500e+03,2.1671e-09
9.1600e+03,2.1674e-09
9.1700e+03,2.1676e-09
9.1800e+03,2.1678e-09
9.1900e+03,2.1680e-09
9.2000e+03,2.1682e-09
9.2100e+03,2.1683e-09
9.2200e+03,2.1684e-09
9.2300e+03,2.1685e-09
9.2400e+03,2.1686e-09
9.2500e+03,2.1686e-09
9.2600e+03,2.1686e-09
9.2700e+03,2.1686e-09
9.2800e+03,2.1686e-09
9.2900e+03,2.1685e-09
9.3000e+03,2.1684e-09
9.3100e+03,2.1683e-09
9.3200e+03,2.1681e-09
9.3300e+03,2.1680e-09
9.3400e+03,2.1678e-09
9.3500e+03,2.1675e-09
9.3600e+03,2.1673e-09
9.3700e+03,2.1670e-09
9.3800e+03,2.1668e-09
9.3900e+03,2.1665e-09
9.4000e+03,2.1661e-09
9.4100e+03,2.1658e-09
9.4200e+03,2.1655e-09
9.4300e+03,2.1651e-09
9.4400e+03,2.1647e-09
9.4500e+03,2.1643e-09
9.4600e+03,2.1639e-09
9.4700e+03,2.1636e-09
9.4800e+03,2.1632e-09
9.4900e+03,2.1627e-09
9.5000e+03,2.1623e-09
9.5100e+03,2.1619e-09
9.5200e+03,2.1615e-09
9.5300e+03,2.1612e-09
9.5400e+03,2.1608e-09
9.5500e+03,2.1604e-09
9.5600e+03,2.1600e-09
9.5700e+03,2.1597e-09
9.5800e+03,2.1593e-09
9.5900e+03,2.1590e-09
9.6000e+03,2.1587e-09
9.6100e+03,2.1584e-09
9.6200e+03,2.1581e-09
9.6300e+03,2.1578e-09
9.6400e+03,2.1576e-09
9.6500e+03,2.1574e-09
9.6600e+03,2.1572e-09
9.6700e+03,2.1570e-09
9.6800e+03,2.1569e-09
9.6900e+03,2.1568e-09
9.7000e+03,2.1567e-09
9.7100e+03,2.1566e-09
9.7200e+03,2.1566e-09
9.7300e+03,2.1566e-09
9.7400e+03,2.1566e-09
9.7500e+03,2.1567e-09
9.7600e+03,2.1567e-09
9.7700e+03,2.1569e-09
9.7800e+03,2.1570e-09
9.7900e+03,2.1572e-09
9.8000e+03,2.1574e-09
9.8100e+03,2.1576e-09
9.8200e+03,2.1579e-09
9.8300e+03,2.1581e-09
9.8400e+03,2.1584e-09
9.8500e+03,2.1588e-09
9.8600e+03,2.1591e-09
9.8700e+03,2.1595e-09
9.8800e+03,2.1599e-09
9.8900e+03,2.1604e-09
9.9000e+03,2.1608e-09
9.9100e+03,2.1613e-09
9.9200e+03,2.1618e-09
9.9300e+03,2.1623e-09
9.9400e+03,2.1628e-09
9.9500e+03,2.1633e-09
9.9600e+03,2.1639e-09
9.9700e+03,2.1644e-09
9.9800e+03,2.1650e-09
9.9900e+03,2.1656e-09
1.0000e+04,2.1661e-09
