# Time , Side-Flux
0.0000e+00,0.0000e+00
1.0000e+01,2.9125e-06
2.0000e+01,5.4473e-06
3.0000e+01,7.4041e-06
4.0000e+01,8.7858e-06
5.0000e+01,9.7093e-06
6.0000e+01,1.0312e-05
7.0000e+01,1.0705e-05
8.0000e+01,1.0967e-05
9.0000e+01,1.1144e-05
1.0000e+02,1.1268e-05
1.1000e+02,1.1357e-05
1.2000e+02,1.1421e-05
1.3000e+02,1.1470e-05
1.4000e+02,1.1506e-05
1.5000e+02,1.1535e-05
1.6000e+02,1.1557e-05
1.7000e+02,1.1574e-05
1.8000e+02,1.1589e-05
1.9000e+02,1.1600e-05
2.0000e+02,1.1610e-05
2.1000e+02,1.1618e-05
2.2000e+02,1.1624e-05
2.3000e+02,1.1630e-05
2.4000e+02,1.1634e-05
2.5000e+02,1.1637e-05
2.6000e+02,1.1640e-05
2.7000e+02,1.1642e-05
2.8000e+02,1.1644e-05
2.9000e+02,1.1646e-05
3.0000e+02,1.1648e-05
3.1000e+02,1.1650e-05
3.2000e+02,1.1652e-05
3.3000e+02,1.1655e-05
3.4000e+02,1.1657e-05
3.5000e+02,1.1659e-05
3.6000e+02,1.1660e-05
3.7000e+02,1.1661e-05
3.8000e+02,1.1663e-05
3.9000e+02,1.1665e-05
4.0000e+02,1.1666e-05
4.1000e+02,1.1666e-05
4.2000e+02,1.1665e-05
4.3000e+02,1.1663e-05
4.4000e+02,1.1662e-05
4.5000e+02,1.1662e-05
4.6000e+02,1.1662e-05
4.7000e+02,1.1662e-05
4.8000e+02,1.1663e-05
4.9000e+02,1.1663e-05
5.0000e+02,1.1663e-05
5.1000e+02,1.1663e-05
5.2000e+02,1.1663e-05
5.3000e+02,1.1663e-05
5.4000e+02,1.1663e-05
5.5000e+02,1.1663e-05
5.6000e+02,1.1663e-05
5.7000e+02,1.1663e-05
5.8000e+02,1.1663e-05
5.9000e+02,1.1663e-05
6.0000e+02,1.1662e-05
6.1000e+02,1.1662e-05
6.2000e+02,1.1661e-05
6.3000e+02,1.1659e-05
6.4000e+02,1.1656e-05
6.5000e+02,1.1651e-05
6.6000e+02,1.1643e-05
6.7000e+02,1.1634e-05
6.8000e+02,1.1624e-05
6.9000e+02,1.1616e-05
7.0000e+02,1.1610e-05
7.1000e+02,1.1606e-05
7.2000e+02,1.1601e-05
7.3000e+02,1.1598e-05
7.4000e+02,1.1596e-05
7.5000e+02,1.1596e-05
7.6000e+02,1.1598e-05
7.7000e+02,1.1601e-05
7.8000e+02,1.1604e-05
7.9000e+02,1.1607e-05
8.0000e+02,1.1608e-05
8.1000e+02,1.1608e-05
8.2000e+02,1.1607e-05
8.3000e+02,1.1607e-05
8.4000e+02,1.1608e-05
8.5000e+02,1.1610e-05
8.6000e+02,1.1612e-05
8.7000e+02,1.1614e-05
8.8000e+02,1.1615e-05
8.9000e+02,1.1615e-05
9.0000e+02,1.1614e-05
9.1000e+02,1.1611e-05
9.2000e+02,1.1605e-05
9.3000e+02,1.1595e-05
9.4000e+02,1.1584e-05
9.5000e+02,1.1571e-05
9.6000e+02,1.1559e-05
9.7000e+02,1.1549e-05
9.8000e+02,1.1541e-05
9.9000e+02,1.1536e-05
1.0000e+03,1.1534e-05
1.0100e+03,1.1533e-05
1.0200e+03,1.1530e-05
1.0300e+03,1.1523e-05
1.0400e+03,1.1512e-05
1.0500e+03,1.1498e-05
1.0600e+03,1.1484e-05
1.0700e+03,1.1471e-05
1.0800e+03,1.1458e-05
1.0900e+03,1.1447e-05
1.1000e+03,1.1439e-05
1.1100e+03,1.1435e-05
1.1200e+03,1.1435e-05
1.1300e+03,1.1438e-05
1.1400e+03,1.1443e-05
1.1500e+03,1.1448e-05
1.1600e+03,1.1451e-05
1.1700e+03,1.1454e-05
1.1800e+03,1.1455e-05
1.1900e+03,1.1456e-05
1.2000e+03,1.1455e-05
1.2100e+03,1.1454e-05
1.2200e+03,1.1451e-05
1.2300e+03,1.1447e-05
1.2400e+03,1.1443e-05
1.2500e+03,1.1440e-05
1.2600e+03,1.1439e-05
1.2700e+03,1.1440e-05
1.2800e+03,1.1442e-05
1.2900e+03,1.1445e-05
1.3000e+03,1.1447e-05
1.3100e+03,1.1448e-05
1.3200e+03,1.1448e-05
1.3300e+03,1.1447e-05
1.3400e+03,1.1446e-05
1.3500e+03,1.1443e-05
1.3600e+03,1.1439e-05
1.3700e+03,1.1435e-05
1.3800e+03,1.1432e-05
1.3900e+03,1.1429e-05
1.4000e+03,1.1426e-05
1.4100e+03,1.1424e-05
1.4200e+03,1.1422e-05
1.4300e+03,1.1421e-05
1.4400e+03,1.1420e-05
1.4500e+03,1.1419e-05
1.4600e+03,1.1419e-05
1.4700e+03,1.1419e-05
1.4800e+03,1.1419e-05
1.4900e+03,1.1419e-05
1.5000e+03,1.1419e-05
1.5100e+03,1.1419e-05
1.5200e+03,1.1419e-05
1.5300e+03,1.1419e-05
1.5400e+03,1.1419e-05
1.5500e+03,1.1419e-05
1.5600e+03,1.1419e-05
1.5700e+03,1.1419e-05
1.5800e+03,1.1419e-05
1.5900e+03,1.1419e-05
1.6000e+03,1.1419e-05
1.6100e+03,1.1418e-05
1.6200e+03,1.1415e-05
1.6300e+03,1.1412e-05
1.6400e+03,1.1409e-05
1.6500e+03,1.1406e-05
1.6600e+03,1.1403e-05
1.6700e+03,1.1402e-05
1.6800e+03,1.1401e-05
1.6900e+03,1.1402e-05
1.7000e+03,1.1401e-05
1.7100e+03,1.1400e-05
1.7200e+03,1.1397e-05
1.7300e+03,1.1393e-05
1.7400e+03,1.1390e-05
1.7500e+03,1.1386e-05
1.7600e+03,1.1384e-05
1.7700e+03,1.1383e-05
1.7800e+03,1.1383e-05
1.7900e+03,1.1384e-05
1.8000e+03,1.1385e-05
1.8100e+03,1.1385e-05
1.8200e+03,1.1385e-05
1.8300e+03,1.1383e-05
1.8400e+03,1.1381e-05
1.8500e+03,1.1378e-05
1.8600e+03,1.1376e-05
1.8700e+03,1.1375e-05
1.8800e+03,1.1374e-05
1.8900e+03,1.1374e-05
1.9000e+03,1.1373e-05
1.9100e+03,1.1372e-05
1.9200e+03,1.1370e-05
1.9300e+03,1.1367e-05
1.9400e+03,1.1363e-05
1.9500e+03,1.1359e-05
1.9600e+03,1.1356e-05
1.9700e+03,1.1354e-05
1.9800e+03,1.1352e-05
1.9900e+03,1.1350e-05
2.0000e+03,1.1347e-05
2.0100e+03,1.1343e-05
2.0200e+03,1.1339e-05
2.0300e+03,1.1336e-05
2.0400e+03,1.1334e-05
2.0500e+03,1.1335e-05
2.0600e+03,1.1335e-05
2.0700e+03,1.1333e-05
2.0800e+03,1.1331e-05
2.0900e+03,1.1328e-05
2.1000e+03,1.1326e-05
2.1100e+03,1.1323e-05
2.1200e+03,1.1319e-05
2.1300e+03,1.1316e-05
2.1400e+03,1.1314e-05
2.1500e+03,1.1310e-05
2.1600e+03,1.1304e-05
2.1700e+03,1.1296e-05
2.1800e+03,1.1290e-05
2.1900e+03,1.1285e-05
2.2000e+03,1.1281e-05
2.2100e+03,1.1278e-05
2.2200e+03,1.1275e-05
2.2300e+03,1.1274e-05
2.2400e+03,1.1274e-05
2.2500e+03,1.1277e-05
2.2600e+03,1.1280e-05
2.2700e+03,1.1281e-05
2.2800e+03,1.1280e-05
2.2900e+03,1.1279e-05
2.3000e+03,1.1279e-05
2.3100e+03,1.1278e-05
2.3200e+03,1.1277e-05
2.3300e+03,1.1276e-05
2.3400e+03,1.1275e-05
2.3500e+03,1.1274e-05
2.3600e+03,1.1275e-05
2.3700e+03,1.1276e-05
2.3800e+03,1.1277e-05
2.3900e+03,1.1276e-05
2.4000e+03,1.1275e-05
2.4100e+03,1.1275e-05
2.4200e+03,1.1275e-05
2.4300e+03,1.1275e-05
2.4400e+03,1.1275e-05
2.4500e+03,1.1274e-05
2.4600e+03,1.1272e-05
2.4700e+03,1.1271e-05
2.4800e+03,1.1269e-05
2.4900e+03,1.1267e-05
2.5000e+03,1.1265e-05
2.5100e+03,1.1264e-05
2.5200e+03,1.1263e-05
2.5300e+03,1.1263e-05
2.5400e+03,1.1263e-05
2.5500e+03,1.1263e-05
2.5600e+03,1.1262e-05
2.5700e+03,1.1262e-05
2.5800e+03,1.1261e-05
2.5900e+03,1.1260e-05
2.6000e+03,1.1260e-05
2.6100e+03,1.1259e-05
2.6200e+03,1.1259e-05
2.6300e+03,1.1260e-05
2.6400e+03,1.1261e-05
2.6500e+03,1.1261e-05
2.6600e+03,1.1259e-05
2.6700e+03,1.1255e-05
2.6800e+03,1.1249e-05
2.6900e+03,1.1245e-05
2.7000e+03,1.1244e-05
2.7100e+03,1.1247e-05
2.7200e+03,1.1253e-05
2.7300e+03,1.1257e-05
2.7400e+03,1.1256e-05
2.7500e+03,1.1251e-05
2.7600e+03,1.1244e-05
2.7700e+03,1.1237e-05
2.7800e+03,1.1233e-05
2.7900e+03,1.1230e-05
2.8000e+03,1.1228e-05
2.8100e+03,1.1225e-05
2.8200e+03,1.1220e-05
2.8300e+03,1.1216e-05
2.8400e+03,1.1213e-05
2.8500e+03,1.1211e-05
2.8600e+03,1.1212e-05
2.8700e+03,1.1217e-05
2.8800e+03,1.1225e-05
2.8900e+03,1.1234e-05
2.9000e+03,1.1237e-05
2.9100e+03,1.1230e-05
2.9200e+03,1.1210e-05
2.9300e+03,1.1183e-05
2.9400e+03,1.1153e-05
2.9500e+03,1.1128e-05
2.9600e+03,1.1115e-05
2.9700e+03,1.1115e-05
2.9800e+03,1.1126e-05
2.9900e+03,1.1145e-05
3.0000e+03,1.1165e-05
3.0100e+03,1.1181e-05
3.0200e+03,1.1188e-05
3.0300e+03,1.1185e-05
3.0400e+03,1.1173e-05
3.0500e+03,1.1157e-05
3.0600e+03,1.1145e-05
3.0700e+03,1.1144e-05
3.0800e+03,1.1157e-05
3.0900e+03,1.1184e-05
3.1000e+03,1.1220e-05
3.1100e+03,1.1257e-05
3.1200e+03,1.1288e-05
3.1300e+03,1.1310e-05
3.1400e+03,1.1320e-05
3.1500e+03,1.1320e-05
3.1600e+03,1.1309e-05
3.1700e+03,1.1290e-05
3.1800e+03,1.1263e-05
3.1900e+03,1.1234e-05
3.2000e+03,1.1205e-05
3.2100e+03,1.1182e-05
3.2200e+03,1.1166e-05
3.2300e+03,1.1159e-05
3.2400e+03,1.1162e-05
3.2500e+03,1.1172e-05
3.2600e+03,1.1188e-05
3.2700e+03,1.1207e-05
3.2800e+03,1.1224e-05
3.2900e+03,1.1236e-05
3.3000e+03,1.1242e-05
3.3100e+03,1.1240e-05
3.3200e+03,1.1232e-05
3.3300e+03,1.1220e-05
3.3400e+03,1.1206e-05
3.3500e+03,1.1193e-05
3.3600e+03,1.1181e-05
3.3700e+03,1.1170e-05
3.3800e+03,1.1162e-05
3.3900e+03,1.1155e-05
3.4000e+03,1.1150e-05
3.4100e+03,1.1145e-05
3.4200e+03,1.1138e-05
3.4300e+03,1.1130e-05
3.4400e+03,1.1119e-05
3.4500e+03,1.1110e-05
3.4600e+03,1.1103e-05
3.4700e+03,1.1102e-05
3.4800e+03,1.1108e-05
3.4900e+03,1.1118e-05
3.5000e+03,1.1132e-05
3.5100e+03,1.1146e-05
3.5200e+03,1.1160e-05
3.5300e+03,1.1172e-05
3.5400e+03,1.1181e-05
3.5500e+03,1.1186e-05
3.5600e+03,1.1189e-05
3.5700e+03,1.1190e-05
3.5800e+03,1.1190e-05
3.5900e+03,1.1189e-05
3.6000e+03,1.1188e-05
3.6100e+03,1.1188e-05
3.6200e+03,1.1187e-05
3.6300e+03,1.1187e-05
3.6400e+03,1.1186e-05
3.6500e+03,1.1187e-05
3.6600e+03,1.1188e-05
3.6700e+03,1.1191e-05
3.6800e+03,1.1195e-05
3.6900e+03,1.1201e-05
3.7000e+03,1.1208e-05
3.7100e+03,1.1212e-05
3.7200e+03,1.1211e-05
3.7300e+03,1.1202e-05
3.7400e+03,1.1183e-05
3.7500e+03,1.1155e-05
3.7600e+03,1.1123e-05
3.7700e+03,1.1092e-05
3.7800e+03,1.1068e-05
3.7900e+03,1.1055e-05
3.8000e+03,1.1053e-05
3.8100e+03,1.1060e-05
3.8200e+03,1.1074e-05
3.8300e+03,1.1091e-05
3.8400e+03,1.1108e-05
3.8500e+03,1.1126e-05
3.8600e+03,1.1144e-05
3.8700e+03,1.1161e-05
3.8800e+03,1.1176e-05
3.8900e+03,1.1185e-05
3.9000e+03,1.1184e-05
3.9100e+03,1.1168e-05
3.9200e+03,1.1137e-05
3.9300e+03,1.1093e-05
3.9400e+03,1.1038e-05
3.9500e+03,1.0977e-05
3.9600e+03,1.0913e-05
3.9700e+03,1.0849e-05
3.9800e+03,1.0789e-05
3.9900e+03,1.0735e-05
4.0000e+03,1.0690e-05
4.0100e+03,1.0652e-05
4.0200e+03,1.0620e-05
4.0300e+03,1.0596e-05
4.0400e+03,1.0580e-05
4.0500e+03,1.0575e-05
4.0600e+03,1.0581e-05
4.0700e+03,1.0596e-05
4.0800e+03,1.0621e-05
4.0900e+03,1.0651e-05
4.1000e+03,1.0684e-05
4.1100e+03,1.0715e-05
4.1200e+03,1.0742e-05
4.1300e+03,1.0764e-05
4.1400e+03,1.0780e-05
4.1500e+03,1.0789e-05
4.1600e+03,1.0790e-05
4.1700e+03,1.0783e-05
4.1800e+03,1.0767e-05
4.1900e+03,1.0744e-05
4.2000e+03,1.0717e-05
4.2100e+03,1.0689e-05
4.2200e+03,1.0661e-05
4.2300e+03,1.0636e-05
4.2400e+03,1.0616e-05
4.2500e+03,1.0600e-05
4.2600e+03,1.0588e-05
4.2700e+03,1.0581e-05
4.2800e+03,1.0576e-05
4.2900e+03,1.0574e-05
4.3000e+03,1.0574e-05
4.3100e+03,1.0575e-05
4.3200e+03,1.0577e-05
4.3300e+03,1.0580e-05
4.3400e+03,1.0584e-05
4.3500e+03,1.0590e-05
4.3600e+03,1.0595e-05
4.3700e+03,1.0600e-05
4.3800e+03,1.0604e-05
4.3900e+03,1.0606e-05
4.4000e+03,1.0606e-05
4.4100e+03,1.0604e-05
4.4200e+03,1.0600e-05
4.4300e+03,1.0594e-05
4.4400e+03,1.0586e-05
4.4500e+03,1.0577e-05
4.4600e+03,1.0569e-05
4.4700e+03,1.0562e-05
4.4800e+03,1.0555e-05
4.4900e+03,1.0549e-05
4.5000e+03,1.0543e-05
4.5100e+03,1.0538e-05
4.5200e+03,1.0533e-05
4.5300e+03,1.0531e-05
4.5400e+03,1.0530e-05
4.5500e+03,1.0530e-05
4.5600e+03,1.0530e-05
4.5700e+03,1.0529e-05
4.5800e+03,1.0528e-05
4.5900e+03,1.0527e-05
4.6000e+03,1.0527e-05
4.6100e+03,1.0527e-05
4.6200e+03,1.0527e-05
4.6300e+03,1.0528e-05
4.6400e+03,1.0528e-05
4.6500e+03,1.0528e-05
4.6600e+03,1.0527e-05
4.6700e+03,1.0525e-05
4.6800e+03,1.0523e-05
4.6900e+03,1.0518e-05
4.7000e+03,1.0511e-05
4.7100e+03,1.0500e-05
4.7200e+03,1.0484e-05
4.7300e+03,1.0463e-05
4.7400e+03,1.0437e-05
4.7500e+03,1.0409e-05
4.7600e+03,1.0376e-05
4.7700e+03,1.0337e-05
4.7800e+03,1.0290e-05
4.7900e+03,1.0234e-05
4.8000e+03,1.0171e-05
4.8100e+03,1.0105e-05
4.8200e+03,1.0042e-05
4.8300e+03,9.9862e-06
4.8400e+03,9.9385e-06
4.8500e+03,9.8974e-06
4.8600e+03,9.8607e-06
4.8700e+03,9.8278e-06
4.8800e+03,9.7996e-06
4.8900e+03,9.7771e-06
4.9000e+03,9.7589e-06
4.9100e+03,9.7417e-06
4.9200e+03,9.7219e-06
4.9300e+03,9.6974e-06
4.9400e+03,9.6693e-06
4.9500e+03,9.6418e-06
4.9600e+03,9.6196e-06
4.9700e+03,9.6054e-06
4.9800e+03,9.5994e-06
4.9900e+03,9.6003e-06
5.0000e+03,9.6073e-06
5.0100e+03,9.6209e-06
5.0200e+03,9.6438e-06
5.0300e+03,9.6780e-06
5.0400e+03,9.7233e-06
5.0500e+03,9.7757e-06
5.0600e+03,9.8297e-06
5.0700e+03,9.8822e-06
5.0800e+03,9.9346e-06
5.0900e+03,9.9915e-06
5.1000e+03,1.0057e-05
5.1100e+03,1.0131e-05
5.1200e+03,1.0213e-05
5.1300e+03,1.0298e-05
5.1400e+03,1.0382e-05
5.1500e+03,1.0462e-05
5.1600e+03,1.0535e-05
5.1700e+03,1.0597e-05
5.1800e+03,1.0643e-05
5.1900e+03,1.0670e-05
5.2000e+03,1.0676e-05
5.2100e+03,1.0660e-05
5.2200e+03,1.0627e-05
5.2300e+03,1.0581e-05
5.2400e+03,1.0528e-05
5.2500e+03,1.0470e-05
5.2600e+03,1.0410e-05
5.2700e+03,1.0347e-05
5.2800e+03,1.0282e-05
5.2900e+03,1.0216e-05
5.3000e+03,1.0152e-05
5.3100e+03,1.0094e-05
5.3200e+03,1.0047e-05
5.3300e+03,1.0011e-05
5.3400e+03,9.9841e-06
5.3500e+03,9.9655e-06
5.3600e+03,9.9535e-06
5.3700e+03,9.9469e-06
5.3800e+03,9.9443e-06
5.3900e+03,9.9441e-06
5.4000e+03,9.9456e-06
5.4100e+03,9.9491e-06
5.4200e+03,9.9552e-06
5.4300e+03,9.9640e-06
5.4400e+03,9.9751e-06
5.4500e+03,9.9878e-06
5.4600e+03,1.0002e-05
5.4700e+03,1.0016e-05
5.4800e+03,1.0031e-05
5.4900e+03,1.0045e-05
5.5000e+03,1.0061e-05
5.5100e+03,1.0077e-05
5.5200e+03,1.0094e-05
5.5300e+03,1.0112e-05
5.5400e+03,1.0130e-05
5.5500e+03,1.0149e-05
5.5600e+03,1.0165e-05
5.5700e+03,1.0180e-05
5.5800e+03,1.0191e-05
5.5900e+03,1.0199e-05
5.6000e+03,1.0205e-05
5.6100e+03,1.0208e-05
5.6200e+03,1.0210e-05
5.6300e+03,1.0211e-05
5.6400e+03,1.0210e-05
5.6500e+03,1.0208e-05
5.6600e+03,1.0206e-05
5.6700e+03,1.0203e-05
5.6800e+03,1.0200e-05
5.6900e+03,1.0197e-05
5.7000e+03,1.0193e-05
5.7100e+03,1.0189e-05
5.7200e+03,1.0186e-05
5.7300e+03,1.0183e-05
5.7400e+03,1.0181e-05
5.7500e+03,1.0180e-05
5.7600e+03,1.0183e-05
5.7700e+03,1.0190e-05
5.7800e+03,1.0201e-05
5.7900e+03,1.0217e-05
5.8000e+03,1.0234e-05
5.8100e+03,1.0248e-05
5.8200e+03,1.0256e-05
5.8300e+03,1.0255e-05
5.8400e+03,1.0248e-05
5.8500e+03,1.0238e-05
5.8600e+03,1.0231e-05
5.8700e+03,1.0230e-05
5.8800e+03,1.0235e-05
5.8900e+03,1.0246e-05
5.9000e+03,1.0259e-05
5.9100e+03,1.0273e-05
5.9200e+03,1.0287e-05
5.9300e+03,1.0300e-05
5.9400e+03,1.0312e-05
5.9500e+03,1.0319e-05
5.9600e+03,1.0322e-05
5.9700e+03,1.0322e-05
5.9800e+03,1.0318e-05
5.9900e+03,1.0314e-05
6.0000e+03,1.0307e-05
6.0100e+03,1.0297e-05
6.0200e+03,1.0279e-05
6.0300e+03,1.0250e-05
6.0400e+03,1.0209e-05
6.0500e+03,1.0154e-05
6.0600e+03,1.0088e-05
6.0700e+03,1.0013e-05
6.0800e+03,9.9337e-06
6.0900e+03,9.8524e-06
6.1000e+03,9.7719e-06
6.1100e+03,9.6933e-06
6.1200e+03,9.6165e-06
6.1300e+03,9.5384e-06
6.1400e+03,9.4530e-06
6.1500e+03,9.3538e-06
6.1600e+03,9.2375e-06
6.1700e+03,9.1066e-06
6.1800e+03,8.9678e-06
6.1900e+03,8.8305e-06
6.2000e+03,8.7032e-06
6.2100e+03,8.5922e-06
6.2200e+03,8.4993e-06
6.2300e+03,8.4230e-06
6.2400e+03,8.3609e-06
6.2500e+03,8.3109e-06
6.2600e+03,8.2707e-06
6.2700e+03,8.2375e-06
6.2800e+03,8.2089e-06
6.2900e+03,8.1840e-06
6.3000e+03,8.1633e-06
6.3100e+03,8.1484e-06
6.3200e+03,8.1408e-06
6.3300e+03,8.1411e-06
6.3400e+03,8.1491e-06
6.3500e+03,8.1627e-06
6.3600e+03,8.1785e-06
6.3700e+03,8.1928e-06
6.3800e+03,8.2024e-06
6.3900e+03,8.2060e-06
6.4000e+03,8.2043e-06
6.4100e+03,8.1988e-06
6.4200e+03,8.1912e-06
6.4300e+03,8.1832e-06
6.4400e+03,8.1774e-06
6.4500e+03,8.1762e-06
6.4600e+03,8.1813e-06
6.4700e+03,8.1927e-06
6.4800e+03,8.2090e-06
6.4900e+03,8.2285e-06
6.5000e+03,8.2500e-06
6.5100e+03,8.2733e-06
6.5200e+03,8.2991e-06
6.5300e+03,8.3291e-06
6.5400e+03,8.3636e-06
6.5500e+03,8.4013e-06
6.5600e+03,8.4394e-06
6.5700e+03,8.4754e-06
6.5800e+03,8.5074e-06
6.5900e+03,8.5349e-06
6.6000e+03,8.5571e-06
6.6100e+03,8.5741e-06
6.6200e+03,8.5864e-06
6.6300e+03,8.5948e-06
6.6400e+03,8.5998e-06
6.6500e+03,8.6017e-06
6.6600e+03,8.6014e-06
6.6700e+03,8.5998e-06
6.6800e+03,8.5983e-06
6.6900e+03,8.5979e-06
6.7000e+03,8.5989e-06
6.7100e+03,8.6011e-06
6.7200e+03,8.6036e-06
6.7300e+03,8.6053e-06
6.7400e+03,8.6051e-06
6.7500e+03,8.6024e-06
6.7600e+03,8.5975e-06
6.7700e+03,8.5921e-06
6.7800e+03,8.5884e-06
6.7900e+03,8.5886e-06
6.8000e+03,8.5942e-06
6.8100e+03,8.6048e-06
6.8200e+03,8.6182e-06
6.8300e+03,8.6305e-06
6.8400e+03,8.6384e-06
6.8500e+03,8.6409e-06
6.8600e+03,8.6395e-06
6.8700e+03,8.6364e-06
6.8800e+03,8.6330e-06
6.8900e+03,8.6300e-06
6.9000e+03,8.6283e-06
6.9100e+03,8.6289e-06
6.9200e+03,8.6326e-06
6.9300e+03,8.6391e-06
6.9400e+03,8.6469e-06
6.9500e+03,8.6545e-06
6.9600e+03,8.6611e-06
6.9700e+03,8.6676e-06
6.9800e+03,8.6769e-06
6.9900e+03,8.6923e-06
7.0000e+03,8.7156e-06
7.0100e+03,8.7465e-06
7.0200e+03,8.7825e-06
7.0300e+03,8.8191e-06
7.0400e+03,8.8519e-06
7.0500e+03,8.8780e-06
7.0600e+03,8.8966e-06
7.0700e+03,8.9087e-06
7.0800e+03,8.9162e-06
7.0900e+03,8.9215e-06
7.1000e+03,8.9271e-06
7.1100e+03,8.9354e-06
7.1200e+03,8.9486e-06
7.1300e+03,8.9680e-06
7.1400e+03,8.9923e-06
7.1500e+03,9.0175e-06
7.1600e+03,9.0390e-06
7.1700e+03,9.0553e-06
7.1800e+03,9.0697e-06
7.1900e+03,9.0891e-06
7.2000e+03,9.1192e-06
7.2100e+03,9.1601e-06
7.2200e+03,9.2069e-06
7.2300e+03,9.2529e-06
7.2400e+03,9.2928e-06
7.2500e+03,9.3234e-06
7.2600e+03,9.3430e-06
7.2700e+03,9.3512e-06
7.2800e+03,9.3502e-06
7.2900e+03,9.3450e-06
7.3000e+03,9.3419e-06
7.3100e+03,9.3453e-06
7.3200e+03,9.3569e-06
7.3300e+03,9.3748e-06
7.3400e+03,9.3952e-06
7.3500e+03,9.4148e-06
7.3600e+03,9.4314e-06
7.3700e+03,9.4435e-06
7.3800e+03,9.4493e-06
7.3900e+03,9.4471e-06
7.4000e+03,9.4362e-06
7.4100e+03,9.4178e-06
7.4200e+03,9.3955e-06
7.4300e+03,9.3746e-06
7.4400e+03,9.3605e-06
7.4500e+03,9.3561e-06
7.4600e+03,9.3614e-06
7.4700e+03,9.3744e-06
7.4800e+03,9.3931e-06
7.4900e+03,9.4161e-06
7.5000e+03,9.4433e-06
7.5100e+03,9.4744e-06
7.5200e+03,9.5075e-06
7.5300e+03,9.5405e-06
7.5400e+03,9.5727e-06
7.5500e+03,9.6049e-06
7.5600e+03,9.6369e-06
7.5700e+03,9.6661e-06
7.5800e+03,9.6893e-06
7.5900e+03,9.7042e-06
7.6000e+03,9.7112e-06
7.6100e+03,9.7127e-06
7.6200e+03,9.7109e-06
7.6300e+03,9.7079e-06
7.6400e+03,9.7043e-06
7.6500e+03,9.7001e-06
7.6600e+03,9.6952e-06
7.6700e+03,9.6900e-06
7.6800e+03,9.6852e-06
7.6900e+03,9.6815e-06
7.7000e+03,9.6788e-06
7.7100e+03,9.6766e-06
7.7200e+03,9.6743e-06
7.7300e+03,9.6717e-06
7.7400e+03,9.6690e-06
7.7500e+03,9.6668e-06
7.7600e+03,9.6657e-06
7.7700e+03,9.6660e-06
7.7800e+03,9.6673e-06
7.7900e+03,9.6687e-06
7.8000e+03,9.6689e-06
7.8100e+03,9.6673e-06
7.8200e+03,9.6638e-06
7.8300e+03,9.6592e-06
7.8400e+03,9.6546e-06
7.8500e+03,9.6515e-06
7.8600e+03,9.6510e-06
7.8700e+03,9.6545e-06
7.8800e+03,9.6629e-06
7.8900e+03,9.6766e-06
7.9000e+03,9.6949e-06
7.9100e+03,9.7165e-06
7.9200e+03,9.7415e-06
7.9300e+03,9.7713e-06
7.9400e+03,9.8072e-06
7.9500e+03,9.8487e-06
7.9600e+03,9.8933e-06
7.9700e+03,9.9382e-06
7.9800e+03,9.9806e-06
7.9900e+03,1.0019e-05
8.0000e+03,1.0052e-05
8.0100e+03,1.0079e-05
8.0200e+03,1.0099e-05
8.0300e+03,1.0113e-05
8.0400e+03,1.0122e-05
8.0500e+03,1.0124e-05
8.0600e+03,1.0121e-05
8.0700e+03,1.0112e-05
8.0800e+03,1.0096e-05
8.0900e+03,1.0070e-05
8.1000e+03,1.0033e-05
8.1100e+03,9.9852e-06
8.1200e+03,9.9291e-06
8.1300e+03,9.8679e-06
8.1400e+03,9.8052e-06
8.1500e+03,9.7438e-06
8.1600e+03,9.6854e-06
8.1700e+03,9.6321e-06
8.1800e+03,9.5869e-06
8.1900e+03,9.5528e-06
8.2000e+03,9.5304e-06
8.2100e+03,9.5171e-06
8.2200e+03,9.5095e-06
8.2300e+03,9.5052e-06
8.2400e+03,9.5030e-06
8.2500e+03,9.5010e-06
8.2600e+03,9.4965e-06
8.2700e+03,9.4877e-06
8.2800e+03,9.4744e-06
8.2900e+03,9.4574e-06
8.3000e+03,9.4375e-06
8.3100e+03,9.4154e-06
8.3200e+03,9.3923e-06
8.3300e+03,9.3702e-06
8.3400e+03,9.3517e-06
8.3500e+03,9.3399e-06
8.3600e+03,9.3364e-06
8.3700e+03,9.3411e-06
8.3800e+03,9.3524e-06
8.3900e+03,9.3676e-06
8.4000e+03,9.3837e-06
8.4100e+03,9.3978e-06
8.4200e+03,9.4076e-06
8.4300e+03,9.4119e-06
8.4400e+03,9.4110e-06
8.4500e+03,9.4068e-06
8.4600e+03,9.4015e-06
8.4700e+03,9.3971e-06
8.4800e+03,9.3945e-06
8.4900e+03,9.3938e-06
8.5000e+03,9.3943e-06
8.5100e+03,9.3942e-06
8.5200e+03,9.3908e-06
8.5300e+03,9.3820e-06
8.5400e+03,9.3667e-06
8.5500e+03,9.3454e-06
8.5600e+03,9.3200e-06
8.5700e+03,9.2933e-06
8.5800e+03,9.2685e-06
8.5900e+03,9.2471e-06
8.6000e+03,9.2290e-06
8.6100e+03,9.2132e-06
8.6200e+03,9.1994e-06
8.6300e+03,9.1883e-06
8.6400e+03,9.1816e-06
8.6500e+03,9.1800e-06
8.6600e+03,9.1827e-06
8.6700e+03,9.1878e-06
8.6800e+03,9.1928e-06
8.6900e+03,9.1962e-06
8.7000e+03,9.1977e-06
8.7100e+03,9.1981e-06
8.7200e+03,9.1978e-06
8.7300e+03,9.1971e-06
8.7400e+03,9.1964e-06
8.7500e+03,9.1963e-06
8.7600e+03,9.1973e-06
8.7700e+03,9.1994e-06
8.7800e+03,9.2014e-06
8.7900e+03,9.2007e-06
8.8000e+03,9.1942e-06
8.8100e+03,9.1803e-06
8.8200e+03,9.1589e-06
8.8300e+03,9.1314e-06
8.8400e+03,9.0990e-06
8.8500e+03,9.0624e-06
8.8600e+03,9.0225e-06
8.8700e+03,8.9821e-06
8.8800e+03,8.9448e-06
8.8900e+03,8.9127e-06
8.9000e+03,8.8855e-06
8.9100e+03,8.8618e-06
8.9200e+03,8.8407e-06
8.9300e+03,8.8229e-06
8.9400e+03,8.8100e-06
8.9500e+03,8.8037e-06
8.9600e+03,8.8042e-06
8.9700e+03,8.8106e-06
8.9800e+03,8.8207e-06
8.9900e+03,8.8323e-06
9.0000e+03,8.8439e-06
9.0100e+03,8.8538e-06
9.0200e+03,8.8605e-06
9.0300e+03,8.8632e-06
9.0400e+03,8.8623e-06
9.0500e+03,8.8594e-06
9.0600e+03,8.8557e-06
9.0700e+03,8.8517e-06
9.0800e+03,8.8464e-06
9.0900e+03,8.8385e-06
9.1000e+03,8.8268e-06
9.1100e+03,8.8104e-06
9.1200e+03,8.7898e-06
9.1300e+03,8.7672e-06
9.1400e+03,8.7462e-06
9.1500e+03,8.7305e-06
9.1600e+03,8.7227e-06
9.1700e+03,8.7227e-06
9.1800e+03,8.7283e-06
9.1900e+03,8.7367e-06
9.2000e+03,8.7458e-06
9.2100e+03,8.7543e-06
9.2200e+03,8.7613e-06
9.2300e+03,8.7666e-06
9.2400e+03,8.7706e-06
9.2500e+03,8.7746e-06
9.2600e+03,8.7797e-06
9.2700e+03,8.7859e-06
9.2800e+03,8.7928e-06
9.2900e+03,8.8002e-06
9.3000e+03,8.8091e-06
9.3100e+03,8.8216e-06
9.3200e+03,8.8402e-06
9.3300e+03,8.8677e-06
9.3400e+03,8.9055e-06
9.3500e+03,8.9532e-06
9.3600e+03,9.0075e-06
9.3700e+03,9.0635e-06
9.3800e+03,9.1158e-06
9.3900e+03,9.1603e-06
9.4000e+03,9.1942e-06
9.4100e+03,9.2165e-06
9.4200e+03,9.2272e-06
9.4300e+03,9.2268e-06
9.4400e+03,9.2162e-06
9.4500e+03,9.1960e-06
9.4600e+03,9.1685e-06
9.4700e+03,9.1369e-06
9.4800e+03,9.1056e-06
9.4900e+03,9.0786e-06
9.5000e+03,9.0578e-06
9.5100e+03,9.0427e-06
9.5200e+03,9.0308e-06
9.5300e+03,9.0195e-06
9.5400e+03,9.0084e-06
9.5500e+03,8.9982e-06
9.5600e+03,8.9892e-06
9.5700e+03,8.9800e-06
9.5800e+03,8.9691e-06
9.5900e+03,8.9577e-06
9.6000e+03,8.9486e-06
9.6100e+03,8.9451e-06
9.6200e+03,8.9484e-06
9.6300e+03,8.9577e-06
9.6400e+03,8.9718e-06
9.6500e+03,8.9891e-06
9.6600e+03,9.0077e-06
9.6700e+03,9.0259e-06
9.6800e+03,9.0429e-06
9.6900e+03,9.0580e-06
9.7000e+03,9.0705e-06
9.7100e+03,9.0792e-06
9.7200e+03,9.0837e-06
9.7300e+03,9.0845e-06
9.7400e+03,9.0828e-06
9.7500e+03,9.0794e-06
9.7600e+03,9.0746e-06
9.7700e+03,9.0682e-06
9.7800e+03,9.0601e-06
9.7900e+03,9.0508e-06
9.8000e+03,9.0407e-06
9.8100e+03,9.0313e-06
9.8200e+03,9.0243e-06
9.8300e+03,9.0219e-06
9.8400e+03,9.0258e-06
9.8500e+03,9.0357e-06
9.8600e+03,9.0497e-06
9.8700e+03,9.0641e-06
9.8800e+03,9.0741e-06
9.8900e+03,9.0761e-06
9.9000e+03,9.0693e-06
9.9100e+03,9.0563e-06
9.9200e+03,9.0420e-06
9.9300e+03,9.0308e-06
9.9400e+03,9.0245e-06
9.9500e+03,9.0220e-06
9.9600e+03,9.0207e-06
9.9700e+03,9.0182e-06
9.9800e+03,9.0132e-06
9.9900e+03,9.0069e-06
1.0000e+04,9.0016e-06
