# Time , Side-Flux
0.0000e+00,0.0000e+00
1.0000e+01,1.8192e-04
2.0000e+01,3.2950e-04
3.0000e+01,4.3378e-04
4.0000e+01,5.0351e-04
5.0000e+01,5.5005e-04
6.0000e+01,5.8180e-04
7.0000e+01,6.0405e-04
8.0000e+01,6.2003e-04
9.0000e+01,6.3171e-04
1.0000e+02,6.4035e-04
1.1000e+02,6.4681e-04
1.2000e+02,6.5165e-04
1.3000e+02,6.5530e-04
1.4000e+02,6.5806e-04
1.5000e+02,6.6014e-04
1.6000e+02,6.6171e-04
1.7000e+02,6.6290e-04
1.8000e+02,6.6380e-04
1.9000e+02,6.6448e-04
2.0000e+02,6.6500e-04
2.1000e+02,6.6539e-04
2.2000e+02,6.6569e-04
2.3000e+02,6.6592e-04
2.4000e+02,6.6608e-04
2.5000e+02,6.6620e-04
2.6000e+02,6.6629e-04
2.7000e+02,6.6634e-04
2.8000e+02,6.6637e-04
2.9000e+02,6.6642e-04
3.0000e+02,6.6645e-04
3.1000e+02,6.6643e-04
3.2000e+02,6.6642e-04
3.3000e+02,6.6644e-04
3.4000e+02,6.6643e-04
3.5000e+02,6.6638e-04
3.6000e+02,6.6632e-04
3.7000e+02,6.6628e-04
3.8000e+02,6.6624e-04
3.9000e+02,6.6614e-04
4.0000e+02,6.6595e-04
4.1000e+02,6.6568e-04
4.2000e+02,6.6542e-04
4.3000e+02,6.6521e-04
4.4000e+02,6.6508e-04
4.5000e+02,6.6500e-04
4.6000e+02,6.6493e-04
4.7000e+02,6.6486e-04
4.8000e+02,6.6479e-04
4.9000e+02,6.6471e-04
5.0000e+02,6.6463e-04
5.1000e+02,6.6453e-04
5.2000e+02,6.6442e-04
5.3000e+02,6.6432e-04
5.4000e+02,6.6424e-04
5.5000e+02,6.6416e-04
5.6000e+02,6.6406e-04
5.7000e+02,6.6392e-04
5.8000e+02,6.6373e-04
5.9000e+02,6.6340e-04
6.0000e+02,6.6282e-04
6.1000e+02,6.6195e-04
6.2000e+02,6.6089e-04
6.3000e+02,6.5973e-04
6.4000e+02,6.5838e-04
6.5000e+02,6.5663e-04
6.6000e+02,6.5429e-04
6.7000e+02,6.5150e-04
6.8000e+02,6.4866e-04
6.9000e+02,6.4619e-04
7.0000e+02,6.4411e-04
7.1000e+02,6.4205e-04
7.2000e+02,6.3961e-04
7.3000e+02,6.3659e-04
7.4000e+02,6.3320e-04
7.5000e+02,6.2991e-04
7.6000e+02,6.2716e-04
7.7000e+02,6.2527e-04
7.8000e+02,6.2429e-04
7.9000e+02,6.2384e-04
8.0000e+02,6.2323e-04
8.1000e+02,6.2184e-04
8.2000e+02,6.1936e-04
8.3000e+02,6.1585e-04
8.4000e+02,6.1184e-04
8.5000e+02,6.0819e-04
8.6000e+02,6.0556e-04
8.7000e+02,6.0403e-04
8.8000e+02,6.0336e-04
8.9000e+02,6.0333e-04
9.0000e+02,6.0362e-04
9.1000e+02,6.0348e-04
9.2000e+02,6.0209e-04
9.3000e+02,5.9900e-04
9.4000e+02,5.9428e-04
9.5000e+02,5.8813e-04
9.6000e+02,5.8079e-04
9.7000e+02,5.7267e-04
9.8000e+02,5.6470e-04
9.9000e+02,5.5815e-04
1.0000e+03,5.5391e-04
1.0100e+03,5.5227e-04
1.0200e+03,5.5273e-04
1.0300e+03,5.5406e-04
1.0400e+03,5.5515e-04
1.0500e+03,5.5538e-04
1.0600e+03,5.5417e-04
1.0700e+03,5.5106e-04
1.0800e+03,5.4576e-04
1.0900e+03,5.3805e-04
1.1000e+03,5.2836e-04
1.1100e+03,5.1797e-04
1.1200e+03,5.0816e-04
1.1300e+03,4.9950e-04
1.1400e+03,4.9220e-04
1.1500e+03,4.8636e-04
1.1600e+03,4.8195e-04
1.1700e+03,4.7865e-04
1.1800e+03,4.7616e-04
1.1900e+03,4.7446e-04
1.2000e+03,4.7358e-04
1.2100e+03,4.7340e-04
1.2200e+03,4.7368e-04
1.2300e+03,4.7426e-04
1.2400e+03,4.7492e-04
1.2500e+03,4.7531e-04
1.2600e+03,4.7511e-04
1.2700e+03,4.7433e-04
1.2800e+03,4.7324e-04
1.2900e+03,4.7213e-04
1.3000e+03,4.7110e-04
1.3100e+03,4.7017e-04
1.3200e+03,4.6933e-04
1.3300e+03,4.6854e-04
1.3400e+03,4.6765e-04
1.3500e+03,4.6630e-04
1.3600e+03,4.6416e-04
1.3700e+03,4.6136e-04
1.3800e+03,4.5839e-04
1.3900e+03,4.5569e-04
1.4000e+03,4.5347e-04
1.4100e+03,4.5178e-04
1.4200e+03,4.5049e-04
1.4300e+03,4.4948e-04
1.4400e+03,4.4877e-04
1.4500e+03,4.4841e-04
1.4600e+03,4.4829e-04
1.4700e+03,4.4822e-04
1.4800e+03,4.4815e-04
1.4900e+03,4.4806e-04
1.5000e+03,4.4797e-04
1.5100e+03,4.4786e-04
1.5200e+03,4.4772e-04
1.5300e+03,4.4757e-04
1.5400e+03,4.4741e-04
1.5500e+03,4.4726e-04
1.5600e+03,4.4713e-04
1.5700e+03,4.4703e-04
1.5800e+03,4.4695e-04
1.5900e+03,4.4689e-04
1.6000e+03,4.4682e-04
1.6100e+03,4.4676e-04
1.6200e+03,4.4670e-04
1.6300e+03,4.4663e-04
1.6400e+03,4.4653e-04
1.6500e+03,4.4635e-04
1.6600e+03,4.4610e-04
1.6700e+03,4.4585e-04
1.6800e+03,4.4566e-04
1.6900e+03,4.4560e-04
1.7000e+03,4.4559e-04
1.7100e+03,4.4546e-04
1.7200e+03,4.4514e-04
1.7300e+03,4.4464e-04
1.7400e+03,4.4401e-04
1.7500e+03,4.4337e-04
1.7600e+03,4.4286e-04
1.7700e+03,4.4262e-04
1.7800e+03,4.4270e-04
1.7900e+03,4.4299e-04
1.8000e+03,4.4325e-04
1.8100e+03,4.4316e-04
1.8200e+03,4.4245e-04
1.8300e+03,4.4101e-04
1.8400e+03,4.3891e-04
1.8500e+03,4.3645e-04
1.8600e+03,4.3404e-04
1.8700e+03,4.3199e-04
1.8800e+03,4.3039e-04
1.8900e+03,4.2919e-04
1.9000e+03,4.2818e-04
1.9100e+03,4.2722e-04
1.9200e+03,4.2627e-04
1.9300e+03,4.2541e-04
1.9400e+03,4.2475e-04
1.9500e+03,4.2429e-04
1.9600e+03,4.2404e-04
1.9700e+03,4.2400e-04
1.9800e+03,4.2413e-04
1.9900e+03,4.2430e-04
2.0000e+03,4.2436e-04
2.0100e+03,4.2427e-04
2.0200e+03,4.2408e-04
2.0300e+03,4.2387e-04
2.0400e+03,4.2363e-04
2.0500e+03,4.2330e-04
2.0600e+03,4.2281e-04
2.0700e+03,4.2218e-04
2.0800e+03,4.2142e-04
2.0900e+03,4.2048e-04
2.1000e+03,4.1941e-04
2.1100e+03,4.1830e-04
2.1200e+03,4.1707e-04
2.1300e+03,4.1538e-04
2.1400e+03,4.1297e-04
2.1500e+03,4.0989e-04
2.1600e+03,4.0626e-04
2.1700e+03,4.0199e-04
2.1800e+03,3.9684e-04
2.1900e+03,3.9096e-04
2.2000e+03,3.8495e-04
2.2100e+03,3.7941e-04
2.2200e+03,3.7451e-04
2.2300e+03,3.7002e-04
2.2400e+03,3.6550e-04
2.2500e+03,3.6069e-04
2.2600e+03,3.5571e-04
2.2700e+03,3.5110e-04
2.2800e+03,3.4742e-04
2.2900e+03,3.4487e-04
2.3000e+03,3.4318e-04
2.3100e+03,3.4214e-04
2.3200e+03,3.4181e-04
2.3300e+03,3.4217e-04
2.3400e+03,3.4285e-04
2.3500e+03,3.4341e-04
2.3600e+03,3.4373e-04
2.3700e+03,3.4389e-04
2.3800e+03,3.4388e-04
2.3900e+03,3.4371e-04
2.4000e+03,3.4348e-04
2.4100e+03,3.4323e-04
2.4200e+03,3.4288e-04
2.4300e+03,3.4242e-04
2.4400e+03,3.4208e-04
2.4500e+03,3.4212e-04
2.4600e+03,3.4247e-04
2.4700e+03,3.4273e-04
2.4800e+03,3.4254e-04
2.4900e+03,3.4192e-04
2.5000e+03,3.4116e-04
2.5100e+03,3.4048e-04
2.5200e+03,3.3986e-04
2.5300e+03,3.3922e-04
2.5400e+03,3.3851e-04
2.5500e+03,3.3768e-04
2.5600e+03,3.3661e-04
2.5700e+03,3.3526e-04
2.5800e+03,3.3374e-04
2.5900e+03,3.3232e-04
2.6000e+03,3.3128e-04
2.6100e+03,3.3071e-04
2.6200e+03,3.3057e-04
2.6300e+03,3.3065e-04
2.6400e+03,3.3076e-04
2.6500e+03,3.3079e-04
2.6600e+03,3.3071e-04
2.6700e+03,3.3058e-04
2.6800e+03,3.3043e-04
2.6900e+03,3.3023e-04
2.7000e+03,3.2993e-04
2.7100e+03,3.2952e-04
2.7200e+03,3.2890e-04
2.7300e+03,3.2797e-04
2.7400e+03,3.2669e-04
2.7500e+03,3.2524e-04
2.7600e+03,3.2380e-04
2.7700e+03,3.2254e-04
2.7800e+03,3.2159e-04
2.7900e+03,3.2101e-04
2.8000e+03,3.2063e-04
2.8100e+03,3.2025e-04
2.8200e+03,3.1974e-04
2.8300e+03,3.1909e-04
2.8400e+03,3.1836e-04
2.8500e+03,3.1761e-04
2.8600e+03,3.1686e-04
2.8700e+03,3.1609e-04
2.8800e+03,3.1524e-04
2.8900e+03,3.1418e-04
2.9000e+03,3.1277e-04
2.9100e+03,3.1090e-04
2.9200e+03,3.0864e-04
2.9300e+03,3.0628e-04
2.9400e+03,3.0415e-04
2.9500e+03,3.0233e-04
2.9600e+03,3.0071e-04
2.9700e+03,2.9915e-04
2.9800e+03,2.9742e-04
2.9900e+03,2.9520e-04
3.0000e+03,2.9218e-04
3.0100e+03,2.8852e-04
3.0200e+03,2.8481e-04
3.0300e+03,2.8163e-04
3.0400e+03,2.7911e-04
3.0500e+03,2.7710e-04
3.0600e+03,2.7558e-04
3.0700e+03,2.7464e-04
3.0800e+03,2.7395e-04
3.0900e+03,2.7262e-04
3.1000e+03,2.6983e-04
3.1100e+03,2.6555e-04
3.1200e+03,2.6066e-04
3.1300e+03,2.5624e-04
3.1400e+03,2.5296e-04
3.1500e+03,2.5077e-04
3.1600e+03,2.4932e-04
3.1700e+03,2.4852e-04
3.1800e+03,2.4846e-04
3.1900e+03,2.4888e-04
3.2000e+03,2.4924e-04
3.2100e+03,2.4914e-04
3.2200e+03,2.4863e-04
3.2300e+03,2.4798e-04
3.2400e+03,2.4735e-04
3.2500e+03,2.4678e-04
3.2600e+03,2.4627e-04
3.2700e+03,2.4588e-04
3.2800e+03,2.4564e-04
3.2900e+03,2.4547e-04
3.3000e+03,2.4530e-04
3.3100e+03,2.4511e-04
3.3200e+03,2.4493e-04
3.3300e+03,2.4473e-04
3.3400e+03,2.4450e-04
3.3500e+03,2.4426e-04
3.3600e+03,2.4403e-04
3.3700e+03,2.4383e-04
3.3800e+03,2.4362e-04
3.3900e+03,2.4340e-04
3.4000e+03,2.4313e-04
3.4100e+03,2.4279e-04
3.4200e+03,2.4236e-04
3.4300e+03,2.4185e-04
3.4400e+03,2.4129e-04
3.4500e+03,2.4074e-04
3.4600e+03,2.4032e-04
3.4700e+03,2.4004e-04
3.4800e+03,2.3974e-04
3.4900e+03,2.3911e-04
3.5000e+03,2.3802e-04
3.5100e+03,2.3666e-04
3.5200e+03,2.3538e-04
3.5300e+03,2.3433e-04
3.5400e+03,2.3353e-04
3.5500e+03,2.3302e-04
3.5600e+03,2.3277e-04
3.5700e+03,2.3266e-04
3.5800e+03,2.3258e-04
3.5900e+03,2.3253e-04
3.6000e+03,2.3248e-04
3.6100e+03,2.3234e-04
3.6200e+03,2.3207e-04
3.6300e+03,2.3167e-04
3.6400e+03,2.3117e-04
3.6500e+03,2.3071e-04
3.6600e+03,2.3043e-04
3.6700e+03,2.3042e-04
3.6800e+03,2.3065e-04
3.6900e+03,2.3097e-04
3.7000e+03,2.3126e-04
3.7100e+03,2.3144e-04
3.7200e+03,2.3144e-04
3.7300e+03,2.3120e-04
3.7400e+03,2.3070e-04
3.7500e+03,2.2990e-04
3.7600e+03,2.2884e-04
3.7700e+03,2.2772e-04
3.7800e+03,2.2681e-04
3.7900e+03,2.2624e-04
3.8000e+03,2.2605e-04
3.8100e+03,2.2612e-04
3.8200e+03,2.2632e-04
3.8300e+03,2.2656e-04
3.8400e+03,2.2674e-04
3.8500e+03,2.2676e-04
3.8600e+03,2.2659e-04
3.8700e+03,2.2633e-04
3.8800e+03,2.2617e-04
3.8900e+03,2.2616e-04
3.9000e+03,2.2625e-04
3.9100e+03,2.2624e-04
3.9200e+03,2.2594e-04
3.9300e+03,2.2519e-04
3.9400e+03,2.2400e-04
3.9500e+03,2.2258e-04
3.9600e+03,2.2119e-04
3.9700e+03,2.2016e-04
3.9800e+03,2.1978e-04
3.9900e+03,2.2000e-04
4.0000e+03,2.2045e-04
4.0100e+03,2.2056e-04
4.0200e+03,2.1988e-04
4.0300e+03,2.1821e-04
4.0400e+03,2.1555e-04
4.0500e+03,2.1214e-04
4.0600e+03,2.0839e-04
4.0700e+03,2.0474e-04
4.0800e+03,2.0155e-04
4.0900e+03,1.9919e-04
4.1000e+03,1.9789e-04
4.1100e+03,1.9743e-04
4.1200e+03,1.9709e-04
4.1300e+03,1.9629e-04
4.1400e+03,1.9489e-04
4.1500e+03,1.9306e-04
4.1600e+03,1.9111e-04
4.1700e+03,1.8930e-04
4.1800e+03,1.8792e-04
4.1900e+03,1.8708e-04
4.2000e+03,1.8671e-04
4.2100e+03,1.8666e-04
4.2200e+03,1.8673e-04
4.2300e+03,1.8676e-04
4.2400e+03,1.8668e-04
4.2500e+03,1.8646e-04
4.2600e+03,1.8622e-04
4.2700e+03,1.8605e-04
4.2800e+03,1.8585e-04
4.2900e+03,1.8540e-04
4.3000e+03,1.8456e-04
4.3100e+03,1.8339e-04
4.3200e+03,1.8210e-04
4.3300e+03,1.8082e-04
4.3400e+03,1.7963e-04
4.3500e+03,1.7872e-04
4.3600e+03,1.7822e-04
4.3700e+03,1.7814e-04
4.3800e+03,1.7842e-04
4.3900e+03,1.7892e-04
4.4000e+03,1.7927e-04
4.4100e+03,1.7902e-04
4.4200e+03,1.7789e-04
4.4300e+03,1.7597e-04
4.4400e+03,1.7359e-04
4.4500e+03,1.7100e-04
4.4600e+03,1.6833e-04
4.4700e+03,1.6581e-04
4.4800e+03,1.6372e-04
4.4900e+03,1.6220e-04
4.5000e+03,1.6125e-04
4.5100e+03,1.6080e-04
4.5200e+03,1.6081e-04
4.5300e+03,1.6119e-04
4.5400e+03,1.6175e-04
4.5500e+03,1.6221e-04
4.5600e+03,1.6245e-04
4.5700e+03,1.6250e-04
4.5800e+03,1.6240e-04
4.5900e+03,1.6221e-04
4.6000e+03,1.6200e-04
4.6100e+03,1.6193e-04
4.6200e+03,1.6210e-04
4.6300e+03,1.6258e-04
4.6400e+03,1.6325e-04
4.6500e+03,1.6391e-04
4.6600e+03,1.6436e-04
4.6700e+03,1.6451e-04
4.6800e+03,1.6437e-04
4.6900e+03,1.6405e-04
4.7000e+03,1.6364e-04
4.7100e+03,1.6325e-04
4.7200e+03,1.6296e-04
4.7300e+03,1.6290e-04
4.7400e+03,1.6315e-04
4.7500e+03,1.6360e-04
4.7600e+03,1.6406e-04
4.7700e+03,1.6430e-04
4.7800e+03,1.6423e-04
4.7900e+03,1.6387e-04
4.8000e+03,1.6327e-04
4.8100e+03,1.6236e-04
4.8200e+03,1.6114e-04
4.8300e+03,1.5981e-04
4.8400e+03,1.5855e-04
4.8500e+03,1.5740e-04
4.8600e+03,1.5634e-04
4.8700e+03,1.5548e-04
4.8800e+03,1.5486e-04
4.8900e+03,1.5439e-04
4.9000e+03,1.5392e-04
4.9100e+03,1.5329e-04
4.9200e+03,1.5247e-04
4.9300e+03,1.5156e-04
4.9400e+03,1.5067e-04
4.9500e+03,1.4990e-04
4.9600e+03,1.4928e-04
4.9700e+03,1.4877e-04
4.9800e+03,1.4832e-04
4.9900e+03,1.4799e-04
5.0000e+03,1.4791e-04
5.0100e+03,1.4816e-04
5.0200e+03,1.4874e-04
5.0300e+03,1.4960e-04
5.0400e+03,1.5060e-04
5.0500e+03,1.5159e-04
5.0600e+03,1.5269e-04
5.0700e+03,1.5420e-04
5.0800e+03,1.5612e-04
5.0900e+03,1.5788e-04
5.1000e+03,1.5878e-04
5.1100e+03,1.5862e-04
5.1200e+03,1.5788e-04
5.1300e+03,1.5703e-04
5.1400e+03,1.5599e-04
5.1500e+03,1.5435e-04
5.1600e+03,1.5178e-04
5.1700e+03,1.4820e-04
5.1800e+03,1.4387e-04
5.1900e+03,1.3923e-04
5.2000e+03,1.3469e-04
5.2100e+03,1.3062e-04
5.2200e+03,1.2730e-04
5.2300e+03,1.2469e-04
5.2400e+03,1.2258e-04
5.2500e+03,1.2089e-04
5.2600e+03,1.1972e-04
5.2700e+03,1.1912e-04
5.2800e+03,1.1899e-04
5.2900e+03,1.1920e-04
5.3000e+03,1.1970e-04
5.3100e+03,1.2041e-04
5.3200e+03,1.2094e-04
5.3300e+03,1.2075e-04
5.3400e+03,1.1966e-04
5.3500e+03,1.1801e-04
5.3600e+03,1.1624e-04
5.3700e+03,1.1465e-04
5.3800e+03,1.1341e-04
5.3900e+03,1.1267e-04
5.4000e+03,1.1267e-04
5.4100e+03,1.1352e-04
5.4200e+03,1.1506e-04
5.4300e+03,1.1712e-04
5.4400e+03,1.1963e-04
5.4500e+03,1.2251e-04
5.4600e+03,1.2543e-04
5.4700e+03,1.2792e-04
5.4800e+03,1.2952e-04
5.4900e+03,1.3015e-04
5.5000e+03,1.3025e-04
5.5100e+03,1.3047e-04
5.5200e+03,1.3101e-04
5.5300e+03,1.3172e-04
5.5400e+03,1.3243e-04
5.5500e+03,1.3299e-04
5.5600e+03,1.3308e-04
5.5700e+03,1.3244e-04
5.5800e+03,1.3122e-04
5.5900e+03,1.2985e-04
5.6000e+03,1.2858e-04
5.6100e+03,1.2741e-04
5.6200e+03,1.2631e-04
5.6300e+03,1.2527e-04
5.6400e+03,1.2433e-04
5.6500e+03,1.2353e-04
5.6600e+03,1.2299e-04
5.6700e+03,1.2288e-04
5.6800e+03,1.2332e-04
5.6900e+03,1.2420e-04
5.7000e+03,1.2517e-04
5.7100e+03,1.2580e-04
5.7200e+03,1.2587e-04
5.7300e+03,1.2550e-04
5.7400e+03,1.2509e-04
5.7500e+03,1.2514e-04
5.7600e+03,1.2602e-04
5.7700e+03,1.2781e-04
5.7800e+03,1.3025e-04
5.7900e+03,1.3282e-04
5.8000e+03,1.3497e-04
5.8100e+03,1.3655e-04
5.8200e+03,1.3792e-04
5.8300e+03,1.3953e-04
5.8400e+03,1.4144e-04
5.8500e+03,1.4327e-04
5.8600e+03,1.4448e-04
5.8700e+03,1.4483e-04
5.8800e+03,1.4454e-04
5.8900e+03,1.4409e-04
5.9000e+03,1.4387e-04
5.9100e+03,1.4396e-04
5.9200e+03,1.4428e-04
5.9300e+03,1.4470e-04
5.9400e+03,1.4508e-04
5.9500e+03,1.4542e-04
5.9600e+03,1.4591e-04
5.9700e+03,1.4663e-04
5.9800e+03,1.4753e-04
5.9900e+03,1.4856e-04
6.0000e+03,1.4968e-04
6.0100e+03,1.5089e-04
6.0200e+03,1.5210e-04
6.0300e+03,1.5322e-04
6.0400e+03,1.5419e-04
6.0500e+03,1.5514e-04
6.0600e+03,1.5622e-04
6.0700e+03,1.5742e-04
6.0800e+03,1.5862e-04
6.0900e+03,1.5968e-04
6.1000e+03,1.6056e-04
6.1100e+03,1.6145e-04
6.1200e+03,1.6256e-04
6.1300e+03,1.6401e-04
6.1400e+03,1.6582e-04
6.1500e+03,1.6769e-04
6.1600e+03,1.6913e-04
6.1700e+03,1.6986e-04
6.1800e+03,1.7000e-04
6.1900e+03,1.6981e-04
6.2000e+03,1.6958e-04
6.2100e+03,1.6949e-04
6.2200e+03,1.6957e-04
6.2300e+03,1.6977e-04
6.2400e+03,1.7003e-04
6.2500e+03,1.7030e-04
6.2600e+03,1.7069e-04
6.2700e+03,1.7134e-04
6.2800e+03,1.7222e-04
6.2900e+03,1.7315e-04
6.3000e+03,1.7392e-04
6.3100e+03,1.7449e-04
6.3200e+03,1.7493e-04
6.3300e+03,1.7538e-04
6.3400e+03,1.7601e-04
6.3500e+03,1.7696e-04
6.3600e+03,1.7821e-04
6.3700e+03,1.7955e-04
6.3800e+03,1.8072e-04
6.3900e+03,1.8151e-04
6.4000e+03,1.8188e-04
6.4100e+03,1.8193e-04
6.4200e+03,1.8177e-04
6.4300e+03,1.8153e-04
6.4400e+03,1.8128e-04
6.4500e+03,1.8107e-04
6.4600e+03,1.8089e-04
6.4700e+03,1.8070e-04
6.4800e+03,1.8047e-04
6.4900e+03,1.8037e-04
6.5000e+03,1.8068e-04
6.5100e+03,1.8148e-04
6.5200e+03,1.8256e-04
6.5300e+03,1.8358e-04
6.5400e+03,1.8426e-04
6.5500e+03,1.8461e-04
6.5600e+03,1.8480e-04
6.5700e+03,1.8482e-04
6.5800e+03,1.8452e-04
6.5900e+03,1.8384e-04
6.6000e+03,1.8299e-04
6.6100e+03,1.8211e-04
6.6200e+03,1.8118e-04
6.6300e+03,1.8027e-04
6.6400e+03,1.7944e-04
6.6500e+03,1.7877e-04
6.6600e+03,1.7833e-04
6.6700e+03,1.7812e-04
6.6800e+03,1.7806e-04
6.6900e+03,1.7813e-04
6.7000e+03,1.7828e-04
6.7100e+03,1.7846e-04
6.7200e+03,1.7859e-04
6.7300e+03,1.7863e-04
6.7400e+03,1.7850e-04
6.7500e+03,1.7808e-04
6.7600e+03,1.7732e-04
6.7700e+03,1.7633e-04
6.7800e+03,1.7529e-04
6.7900e+03,1.7430e-04
6.8000e+03,1.7333e-04
6.8100e+03,1.7233e-04
6.8200e+03,1.7134e-04
6.8300e+03,1.7038e-04
6.8400e+03,1.6932e-04
6.8500e+03,1.6806e-04
6.8600e+03,1.6657e-04
6.8700e+03,1.6493e-04
6.8800e+03,1.6344e-04
6.8900e+03,1.6242e-04
6.9000e+03,1.6196e-04
6.9100e+03,1.6191e-04
6.9200e+03,1.6197e-04
6.9300e+03,1.6191e-04
6.9400e+03,1.6164e-04
6.9500e+03,1.6125e-04
6.9600e+03,1.6075e-04
6.9700e+03,1.6013e-04
6.9800e+03,1.5949e-04
6.9900e+03,1.5910e-04
7.0000e+03,1.5919e-04
7.0100e+03,1.5976e-04
7.0200e+03,1.6051e-04
7.0300e+03,1.6117e-04
7.0400e+03,1.6170e-04
7.0500e+03,1.6202e-04
7.0600e+03,1.6197e-04
7.0700e+03,1.6147e-04
7.0800e+03,1.6054e-04
7.0900e+03,1.5931e-04
7.1000e+03,1.5781e-04
7.1100e+03,1.5615e-04
7.1200e+03,1.5470e-04
7.1300e+03,1.5393e-04
7.1400e+03,1.5405e-04
7.1500e+03,1.5490e-04
7.1600e+03,1.5596e-04
7.1700e+03,1.5672e-04
7.1800e+03,1.5684e-04
7.1900e+03,1.5638e-04
7.2000e+03,1.5579e-04
7.2100e+03,1.5573e-04
7.2200e+03,1.5643e-04
7.2300e+03,1.5769e-04
7.2400e+03,1.5933e-04
7.2500e+03,1.6117e-04
7.2600e+03,1.6282e-04
7.2700e+03,1.6401e-04
7.2800e+03,1.6472e-04
7.2900e+03,1.6506e-04
7.3000e+03,1.6532e-04
7.3100e+03,1.6583e-04
7.3200e+03,1.6669e-04
7.3300e+03,1.6771e-04
7.3400e+03,1.6861e-04
7.3500e+03,1.6906e-04
7.3600e+03,1.6878e-04
7.3700e+03,1.6778e-04
7.3800e+03,1.6626e-04
7.3900e+03,1.6452e-04
7.4000e+03,1.6281e-04
7.4100e+03,1.6132e-04
7.4200e+03,1.6012e-04
7.4300e+03,1.5917e-04
7.4400e+03,1.5835e-04
7.4500e+03,1.5754e-04
7.4600e+03,1.5655e-04
7.4700e+03,1.5519e-04
7.4800e+03,1.5336e-04
7.4900e+03,1.5106e-04
7.5000e+03,1.4843e-04
7.5100e+03,1.4568e-04
7.5200e+03,1.4301e-04
7.5300e+03,1.4051e-04
7.5400e+03,1.3816e-04
7.5500e+03,1.3595e-04
7.5600e+03,1.3400e-04
7.5700e+03,1.3251e-04
7.5800e+03,1.3170e-04
7.5900e+03,1.3148e-04
7.6000e+03,1.3135e-04
7.6100e+03,1.3080e-04
7.6200e+03,1.2968e-04
7.6300e+03,1.2819e-04
7.6400e+03,1.2649e-04
7.6500e+03,1.2463e-04
7.6600e+03,1.2267e-04
7.6700e+03,1.2081e-04
7.6800e+03,1.1925e-04
7.6900e+03,1.1804e-04
7.7000e+03,1.1719e-04
7.7100e+03,1.1680e-04
7.7200e+03,1.1691e-04
7.7300e+03,1.1747e-04
7.7400e+03,1.1832e-04
7.7500e+03,1.1916e-04
7.7600e+03,1.1965e-04
7.7700e+03,1.1958e-04
7.7800e+03,1.1899e-04
7.7900e+03,1.1821e-04
7.8000e+03,1.1765e-04
7.8100e+03,1.1766e-04
7.8200e+03,1.1835e-04
7.8300e+03,1.1949e-04
7.8400e+03,1.2084e-04
7.8500e+03,1.2224e-04
7.8600e+03,1.2346e-04
7.8700e+03,1.2422e-04
7.8800e+03,1.2434e-04
7.8900e+03,1.2376e-04
7.9000e+03,1.2270e-04
7.9100e+03,1.2172e-04
7.9200e+03,1.2122e-04
7.9300e+03,1.2110e-04
7.9400e+03,1.2105e-04
7.9500e+03,1.2090e-04
7.9600e+03,1.2067e-04
7.9700e+03,1.2049e-04
7.9800e+03,1.2055e-04
7.9900e+03,1.2099e-04
8.0000e+03,1.2184e-04
8.0100e+03,1.2296e-04
8.0200e+03,1.2410e-04
8.0300e+03,1.2509e-04
8.0400e+03,1.2584e-04
8.0500e+03,1.2636e-04
8.0600e+03,1.2676e-04
8.0700e+03,1.2719e-04
8.0800e+03,1.2775e-04
8.0900e+03,1.2834e-04
8.1000e+03,1.2881e-04
8.1100e+03,1.2903e-04
8.1200e+03,1.2896e-04
8.1300e+03,1.2860e-04
8.1400e+03,1.2810e-04
8.1500e+03,1.2763e-04
8.1600e+03,1.2717e-04
8.1700e+03,1.2653e-04
8.1800e+03,1.2549e-04
8.1900e+03,1.2399e-04
8.2000e+03,1.2222e-04
8.2100e+03,1.2056e-04
8.2200e+03,1.1932e-04
8.2300e+03,1.1847e-04
8.2400e+03,1.1765e-04
8.2500e+03,1.1654e-04
8.2600e+03,1.1515e-04
8.2700e+03,1.1375e-04
8.2800e+03,1.1280e-04
8.2900e+03,1.1250e-04
8.3000e+03,1.1275e-04
8.3100e+03,1.1347e-04
8.3200e+03,1.1473e-04
8.3300e+03,1.1655e-04
8.3400e+03,1.1870e-04
8.3500e+03,1.2075e-04
8.3600e+03,1.2233e-04
8.3700e+03,1.2327e-04
8.3800e+03,1.2359e-04
8.3900e+03,1.2341e-04
8.4000e+03,1.2302e-04
8.4100e+03,1.2273e-04
8.4200e+03,1.2256e-04
8.4300e+03,1.2231e-04
8.4400e+03,1.2177e-04
8.4500e+03,1.2096e-04
8.4600e+03,1.2004e-04
8.4700e+03,1.1923e-04
8.4800e+03,1.1865e-04
8.4900e+03,1.1829e-04
8.5000e+03,1.1807e-04
8.5100e+03,1.1790e-04
8.5200e+03,1.1772e-04
8.5300e+03,1.1748e-04
8.5400e+03,1.1720e-04
8.5500e+03,1.1693e-04
8.5600e+03,1.1674e-04
8.5700e+03,1.1663e-04
8.5800e+03,1.1655e-04
8.5900e+03,1.1641e-04
8.6000e+03,1.1612e-04
8.6100e+03,1.1571e-04
8.6200e+03,1.1526e-04
8.6300e+03,1.1488e-04
8.6400e+03,1.1459e-04
8.6500e+03,1.1436e-04
8.6600e+03,1.1417e-04
8.6700e+03,1.1399e-04
8.6800e+03,1.1383e-04
8.6900e+03,1.1372e-04
8.7000e+03,1.1363e-04
8.7100e+03,1.1346e-04
8.7200e+03,1.1320e-04
8.7300e+03,1.1292e-04
8.7400e+03,1.1272e-04
8.7500e+03,1.1261e-04
8.7600e+03,1.1256e-04
8.7700e+03,1.1251e-04
8.7800e+03,1.1244e-04
8.7900e+03,1.1225e-04
8.8000e+03,1.1176e-04
8.8100e+03,1.1085e-04
8.8200e+03,1.0949e-04
8.8300e+03,1.0773e-04
8.8400e+03,1.0565e-04
8.8500e+03,1.0338e-04
8.8600e+03,1.0117e-04
8.8700e+03,9.9359e-05
8.8800e+03,9.7976e-05
8.8900e+03,9.6778e-05
8.9000e+03,9.5676e-05
8.9100e+03,9.4813e-05
8.9200e+03,9.4331e-05
8.9300e+03,9.4219e-05
8.9400e+03,9.4105e-05
8.9500e+03,9.3520e-05
8.9600e+03,9.2562e-05
8.9700e+03,9.1840e-05
8.9800e+03,9.1663e-05
8.9900e+03,9.1729e-05
9.0000e+03,9.1569e-05
9.0100e+03,9.1080e-05
9.0200e+03,9.0495e-05
9.0300e+03,9.0046e-05
9.0400e+03,8.9843e-05
9.0500e+03,8.9896e-05
9.0600e+03,9.0183e-05
9.0700e+03,9.0618e-05
9.0800e+03,9.1068e-05
9.0900e+03,9.1577e-05
9.1000e+03,9.2493e-05
9.1100e+03,9.4243e-05
9.1200e+03,9.6962e-05
9.1300e+03,1.0051e-04
9.1400e+03,1.0454e-04
9.1500e+03,1.0835e-04
9.1600e+03,1.1110e-04
9.1700e+03,1.1233e-04
9.1800e+03,1.1225e-04
9.1900e+03,1.1153e-04
9.2000e+03,1.1089e-04
9.2100e+03,1.1088e-04
9.2200e+03,1.1162e-04
9.2300e+03,1.1268e-04
9.2400e+03,1.1347e-04
9.2500e+03,1.1350e-04
9.2600e+03,1.1279e-04
9.2700e+03,1.1173e-04
9.2800e+03,1.1072e-04
9.2900e+03,1.0999e-04
9.3000e+03,1.0984e-04
9.3100e+03,1.1032e-04
9.3200e+03,1.1102e-04
9.3300e+03,1.1148e-04
9.3400e+03,1.1154e-04
9.3500e+03,1.1137e-04
9.3600e+03,1.1119e-04
9.3700e+03,1.1105e-04
9.3800e+03,1.1091e-04
9.3900e+03,1.1081e-04
9.4000e+03,1.1074e-04
9.4100e+03,1.1069e-04
9.4200e+03,1.1067e-04
9.4300e+03,1.1067e-04
9.4400e+03,1.1065e-04
9.4500e+03,1.1056e-04
9.4600e+03,1.1042e-04
9.4700e+03,1.1030e-04
9.4800e+03,1.1026e-04
9.4900e+03,1.1034e-04
9.5000e+03,1.1057e-04
9.5100e+03,1.1091e-04
9.5200e+03,1.1129e-04
9.5300e+03,1.1162e-04
9.5400e+03,1.1192e-04
9.5500e+03,1.1233e-04
9.5600e+03,1.1292e-04
9.5700e+03,1.1362e-04
9.5800e+03,1.1428e-04
9.5900e+03,1.1482e-04
9.6000e+03,1.1523e-04
9.6100e+03,1.1555e-04
9.6200e+03,1.1575e-04
9.6300e+03,1.1578e-04
9.6400e+03,1.1563e-04
9.6500e+03,1.1534e-04
9.6600e+03,1.1500e-04
9.6700e+03,1.1462e-04
9.6800e+03,1.1414e-04
9.6900e+03,1.1353e-04
9.7000e+03,1.1279e-04
9.7100e+03,1.1200e-04
9.7200e+03,1.1127e-04
9.7300e+03,1.1067e-04
9.7400e+03,1.1023e-04
9.7500e+03,1.0986e-04
9.7600e+03,1.0949e-04
9.7700e+03,1.0908e-04
9.7800e+03,1.0864e-04
9.7900e+03,1.0821e-04
9.8000e+03,1.0788e-04
9.8100e+03,1.0774e-04
9.8200e+03,1.0783e-04
9.8300e+03,1.0809e-04
9.8400e+03,1.0847e-04
9.8500e+03,1.0892e-04
9.8600e+03,1.0935e-04
9.8700e+03,1.0969e-04
9.8800e+03,1.0987e-04
9.8900e+03,1.0985e-04
9.9000e+03,1.0966e-04
9.9100e+03,1.0940e-04
9.9200e+03,1.0922e-04
9.9300e+03,1.0917e-04
9.9400e+03,1.0920e-04
9.9500e+03,1.0920e-04
9.9600e+03,1.0915e-04
9.9700e+03,1.0901e-04
9.9800e+03,1.0870e-04
9.9900e+03,1.0819e-04
1.0000e+04,1.0754e-04
