# Time , Side-Flux
0.0000e+00,0.0000e+00
1.0000e+01,6.9666e-12
2.0000e+01,1.3932e-11
3.0000e+01,2.0897e-11
4.0000e+01,2.7859e-11
5.0000e+01,3.4817e-11
6.0000e+01,4.1772e-11
7.0000e+01,4.8722e-11
8.0000e+01,5.5666e-11
9.0000e+01,6.2604e-11
1.0000e+02,6.9534e-11
1.1000e+02,7.6457e-11
1.2000e+02,8.3371e-11
1.3000e+02,9.0276e-11
1.4000e+02,9.7170e-11
1.5000e+02,1.0405e-10
1.6000e+02,1.1093e-10
1.7000e+02,1.1778e-10
1.8000e+02,1.2463e-10
1.9000e+02,1.3146e-10
2.0000e+02,1.3828e-10
2.1000e+02,1.4508e-10
2.2000e+02,1.5187e-10
2.3000e+02,1.5864e-10
2.4000e+02,1.6539e-10
2.5000e+02,1.7212e-10
2.6000e+02,1.7884e-10
2.7000e+02,1.8553e-10
2.8000e+02,1.9221e-10
2.9000e+02,1.9886e-10
3.0000e+02,2.0550e-10
3.1000e+02,2.1211e-10
3.2000e+02,2.1870e-10
3.3000e+02,2.2526e-10
3.4000e+02,2.3180e-10
3.5000e+02,2.3832e-10
3.6000e+02,2.4482e-10
3.7000e+02,2.5128e-10
3.8000e+02,2.5773e-10
3.9000e+02,2.6414e-10
4.0000e+02,2.7053e-10
4.1000e+02,2.7689e-10
4.2000e+02,2.8323e-10
4.3000e+02,2.8953e-10
4.4000e+02,2.9581e-10
4.5000e+02,3.0206e-10
4.6000e+02,3.0828e-10
4.7000e+02,3.1447e-10
4.8000e+02,3.2063e-10
4.9000e+02,3.2676e-10
5.0000e+02,3.3286e-10
5.1000e+02,3.3893e-10
5.2000e+02,3.4496e-10
5.3000e+02,3.5097e-10
5.4000e+02,3.5694e-10
5.5000e+02,3.6288e-10
5.6000e+02,3.6878e-10
5.7000e+02,3.7466e-10
5.8000e+02,3.8050e-10
5.9000e+02,3.8631e-10
6.0000e+02,3.9208e-10
6.1000e+02,3.9782e-10
6.2000e+02,4.0353e-10
6.3000e+02,4.0920e-10
6.4000e+02,4.1484e-10
6.5000e+02,4.2045e-10
6.6000e+02,4.2602e-10
6.7000e+02,4.3155e-10
6.8000e+02,4.3706e-10
6.9000e+02,4.4252e-10
7.0000e+02,4.4795e-10
7.1000e+02,4.5335e-10
7.2000e+02,4.5871e-10
7.3000e+02,4.6404e-10
7.4000e+02,4.6933e-10
7.5000e+02,4.7459e-10
7.6000e+02,4.7981e-10
7.7000e+02,4.8500e-10
7.8000e+02,4.9015e-10
7.9000e+02,4.9527e-10
8.0000e+02,5.0035e-10
8.1000e+02,5.0540e-10
8.2000e+02,5.1041e-10
8.3000e+02,5.1539e-10
8.4000e+02,5.2033e-10
8.5000e+02,5.2524e-10
8.6000e+02,5.3011e-10
8.7000e+02,5.3495e-10
8.8000e+02,5.3976e-10
8.9000e+02,5.4453e-10
9.0000e+02,5.4927e-10
9.1000e+02,5.5397e-10
9.2000e+02,5.5865e-10
9.3000e+02,5.6328e-10
9.4000e+02,5.6789e-10
9.5000e+02,5.7246e-10
9.6000e+02,5.7699e-10
9.7000e+02,5.8150e-10
9.8000e+02,5.8597e-10
9.9000e+02,5.9041e-10
1.0000e+03,5.9482e-10
1.0100e+03,5.9920e-10
1.0200e+03,6.0354e-10
1.0300e+03,6.0785e-10
1.0400e+03,6.1214e-10
1.0500e+03,6.1639e-10
1.0600e+03,6.2061e-10
1.0700e+03,6.2480e-10
1.0800e+03,6.2896e-10
1.0900e+03,6.3309e-10
1.1000e+03,6.3719e-10
1.1100e+03,6.4126e-10
1.1200e+03,6.4530e-10
1.1300e+03,6.4932e-10
1.1400e+03,6.5330e-10
1.1500e+03,6.5726e-10
1.1600e+03,6.6119e-10
1.1700e+03,6.6509e-10
1.1800e+03,6.6897e-10
1.1900e+03,6.7281e-10
1.2000e+03,6.7664e-10
1.2100e+03,6.8043e-10
1.2200e+03,6.8420e-10
1.2300e+03,6.8795e-10
1.2400e+03,6.9167e-10
1.2500e+03,6.9536e-10
1.2600e+03,6.9903e-10
1.2700e+03,7.0268e-10
1.2800e+03,7.0630e-10
1.2900e+03,7.0991e-10
1.3000e+03,7.1348e-10
1.3100e+03,7.1704e-10
1.3200e+03,7.2057e-10
1.3300e+03,7.2408e-10
1.3400e+03,7.2757e-10
1.3500e+03,7.3104e-10
1.3600e+03,7.3449e-10
1.3700e+03,7.3791e-10
1.3800e+03,7.4132e-10
1.3900e+03,7.4471e-10
1.4000e+03,7.4808e-10
1.4100e+03,7.5143e-10
1.4200e+03,7.5476e-10
1.4300e+03,7.5808e-10
1.4400e+03,7.6137e-10
1.4500e+03,7.6465e-10
1.4600e+03,7.6791e-10
1.4700e+03,7.7116e-10
1.4800e+03,7.7439e-10
1.4900e+03,7.7760e-10
1.5000e+03,7.8080e-10
1.5100e+03,7.8398e-10
1.5200e+03,7.8715e-10
1.5300e+03,7.9030e-10
1.5400e+03,7.9344e-10
1.5500e+03,7.9657e-10
1.5600e+03,7.9968e-10
1.5700e+03,8.0278e-10
1.5800e+03,8.0587e-10
1.5900e+03,8.0895e-10
1.6000e+03,8.1201e-10
1.6100e+03,8.1506e-10
1.6200e+03,8.1810e-10
1.6300e+03,8.2113e-10
1.6400e+03,8.2415e-10
1.6500e+03,8.2716e-10
1.6600e+03,8.3016e-10
1.6700e+03,8.3315e-10
1.6800e+03,8.3613e-10
1.6900e+03,8.3910e-10
1.7000e+03,8.4206e-10
1.7100e+03,8.4501e-10
1.7200e+03,8.4796e-10
1.7300e+03,8.5089e-10
1.7400e+03,8.5382e-10
1.7500e+03,8.5674e-10
1.7600e+03,8.5966e-10
1.7700e+03,8.6256e-10
1.7800e+03,8.6546e-10
1.7900e+03,8.6835e-10
1.8000e+03,8.7124e-10
1.8100e+03,8.7412e-10
1.8200e+03,8.7700e-10
1.8300e+03,8.7986e-10
1.8400e+03,8.8273e-10
1.8500e+03,8.8558e-10
1.8600e+03,8.8844e-10
1.8700e+03,8.9128e-10
1.8800e+03,8.9413e-10
1.8900e+03,8.9696e-10
1.9000e+03,8.9979e-10
1.9100e+03,9.0262e-10
1.9200e+03,9.0544e-10
1.9300e+03,9.0826e-10
1.9400e+03,9.1108e-10
1.9500e+03,9.1389e-10
1.9600e+03,9.1669e-10
1.9700e+03,9.1950e-10
1.9800e+03,9.2230e-10
1.9900e+03,9.2509e-10
2.0000e+03,9.2788e-10
2.0100e+03,9.3067e-10
2.0200e+03,9.3345e-10
2.0300e+03,9.3623e-10
2.0400e+03,9.3901e-10
2.0500e+03,9.4178e-10
2.0600e+03,9.4455e-10
2.0700e+03,9.4731e-10
2.0800e+03,9.5007e-10
2.0900e+03,9.5283e-10
2.1000e+03,9.5558e-10
2.1100e+03,9.5833e-10
2.1200e+03,9.6108e-10
2.1300e+03,9.6382e-10
2.1400e+03,9.6656e-10
2.1500e+03,9.6930e-10
2.1600e+03,9.7203e-10
2.1700e+03,9.7476e-10
2.1800e+03,9.7748e-10
2.1900e+03,9.8020e-10
2.2000e+03,9.8292e-10
2.2100e+03,9.8563e-10
2.2200e+03,9.8833e-10
2.2300e+03,9.9104e-10
2.2400e+03,9.9373e-10
2.2500e+03,9.9643e-10
2.2600e+03,9.9912e-10
2.2700e+03,1.0018e-09
2.2800e+03,1.0045e-09
2.2900e+03,1.0072e-09
2.3000e+03,1.0098e-09
2.3100e+03,1.0125e-09
2.3200e+03,1.0151e-09
2.3300e+03,1.0178e-09
2.3400e+03,1.0204e-09
2.3500e+03,1.0231e-09
2.3600e+03,1.0257e-09
2.3700e+03,1.0283e-09
2.3800e+03,1.0310e-09
2.3900e+03,1.0336e-09
2.4000e+03,1.0362e-09
2.4100e+03,1.0388e-09
2.4200e+03,1.0414e-09
2.4300e+03,1.0440e-09
2.4400e+03,1.0466e-09
2.4500e+03,1.0491e-09
2.4600e+03,1.0517e-09
2.4700e+03,1.0543e-09
2.4800e+03,1.0568e-09
2.4900e+03,1.0594e-09
2.5000e+03,1.0619e-09
2.5100e+03,1.0644e-09
2.5200e+03,1.0669e-09
2.5300e+03,1.0694e-09
2.5400e+03,1.0719e-09
2.5500e+03,1.0744e-09
2.5600e+03,1.0769e-09
2.5700e+03,1.0794e-09
2.5800e+03,1.0818e-09
2.5900e+03,1.0843e-09
2.6000e+03,1.0867e-09
2.6100e+03,1.0892e-09
2.6200e+03,1.0916e-09
2.6300e+03,1.0940e-09
2.6400e+03,1.0964e-09
2.6500e+03,1.0988e-09
2.6600e+03,1.1012e-09
2.6700e+03,1.1035e-09
2.6800e+03,1.1059e-09
2.6900e+03,1.1082e-09
2.7000e+03,1.1106e-09
2.7100e+03,1.1129e-09
2.7200e+03,1.1152e-09
2.7300e+03,1.1175e-09
2.7400e+03,1.1198e-09
2.7500e+03,1.1221e-09
2.7600e+03,1.1243e-09
2.7700e+03,1.1266e-09
2.7800e+03,1.1288e-09
2.7900e+03,1.1310e-09
2.8000e+03,1.1332e-09
2.8100e+03,1.1354e-09
2.8200e+03,1.1376e-09
2.8300e+03,1.1397e-09
2.8400e+03,1.1419e-09
2.8500e+03,1.1440e-09
2.8600e+03,1.1461e-09
2.8700e+03,1.1483e-09
2.8800e+03,1.1503e-09
2.8900e+03,1.1524e-09
2.9000e+03,1.1545e-09
2.9100e+03,1.1565e-09
2.9200e+03,1.1586e-09
2.9300e+03,1.1606e-09
2.9400e+03,1.1626e-09
2.9500e+03,1.1646e-09
2.9600e+03,1.1665e-09
2.9700e+03,1.1685e-09
2.9800e+03,1.1704e-09
2.9900e+03,1.1723e-09
3.0000e+03,1.1743e-09
3.0100e+03,1.1761e-09
3.0200e+03,1.1780e-09
3.0300e+03,1.1799e-09
3.0400e+03,1.1817e-09
3.0500e+03,1.1835e-09
3.0600e+03,1.1853e-09
3.0700e+03,1.1871e-09
3.0800e+03,1.1889e-09
3.0900e+03,1.1907e-09
3.1000e+03,1.1924e-09
3.1100e+03,1.1941e-09
3.1200e+03,1.1958e-09
3.1300e+03,1.1975e-09
3.1400e+03,1.1992e-09
3.1500e+03,1.2008e-09
3.1600e+03,1.2025e-09
3.1700e+03,1.2041e-09
3.1800e+03,1.2057e-09
3.1900e+03,1.2073e-09
3.2000e+03,1.2088e-09
3.2100e+03,1.2104e-09
3.2200e+03,1.2119e-09
3.2300e+03,1.2134e-09
3.2400e+03,1.2149e-09
3.2500e+03,1.2164e-09
3.2600e+03,1.2179e-09
3.2700e+03,1.2193e-09
3.2800e+03,1.2208e-09
3.2900e+03,1.2222e-09
3.3000e+03,1.2236e-09
3.3100e+03,1.2249e-09
3.3200e+03,1.2263e-09
3.3300e+03,1.2276e-09
3.3400e+03,1.2290e-09
3.3500e+03,1.2303e-09
3.3600e+03,1.2316e-09
3.3700e+03,1.2328e-09
3.3800e+03,1.2341e-09
3.3900e+03,1.2353e-09
3.4000e+03,1.2366e-09
3.4100e+03,1.2378e-09
3.4200e+03,1.2390e-09
3.4300e+03,1.2401e-09
3.4400e+03,1.2413e-09
3.4500e+03,1.2424e-09
3.4600e+03,1.2436e-09
3.4700e+03,1.2447e-09
3.4800e+03,1.2458e-09
3.4900e+03,1.2468e-09
3.5000e+03,1.2479e-09
3.5100e+03,1.2489e-09
3.5200e+03,1.2500e-09
3.5300e+03,1.2510e-09
3.5400e+03,1.2520e-09
3.5500e+03,1.2530e-09
3.5600e+03,1.2539e-09
3.5700e+03,1.2549e-09
3.5800e+03,1.2558e-09
3.5900e+03,1.2568e-09
3.6000e+03,1.2577e-09
3.6100e+03,1.2586e-09
3.6200e+03,1.2595e-09
3.6300e+03,1.2603e-09
3.6400e+03,1.2612e-09
3.6500e+03,1.2620e-09
3.6600e+03,1.2628e-09
3.6700e+03,1.2637e-09
3.6800e+03,1.2645e-09
3.6900e+03,1.2653e-09
3.7000e+03,1.2660e-09
3.7100e+03,1.2668e-09
3.7200e+03,1.2676e-09
3.7300e+03,1.2683e-09
3.7400e+03,1.2690e-09
3.7500e+03,1.2697e-09
3.7600e+03,1.2704e-09
3.7700e+03,1.2711e-09
3.7800e+03,1.2718e-09
3.7900e+03,1.2725e-09
3.8000e+03,1.2732e-09
3.8100e+03,1.2738e-09
3.8200e+03,1.2744e-09
3.8300e+03,1.2751e-09
3.8400e+03,1.2757e-09
3.8500e+03,1.2763e-09
3.8600e+03,1.2769e-09
3.8700e+03,1.2775e-09
3.8800e+03,1.2781e-09
3.8900e+03,1.2786e-09
3.9000e+03,1.2792e-09
3.9100e+03,1.2797e-09
3.9200e+03,1.2803e-09
3.9300e+03,1.2808e-09
3.9400e+03,1.2814e-09
3.9500e+03,1.2819e-09
3.9600e+03,1.2824e-09
3.9700e+03,1.2829e-09
3.9800e+03,1.2834e-09
3.9900e+03,1.2839e-09
4.0000e+03,1.2843e-09
4.0100e+03,1.2848e-09
4.0200e+03,1.2853e-09
4.0300e+03,1.2857e-09
4.0400e+03,1.2862e-09
4.0500e+03,1.2866e-09
4.0600e+03,1.2871e-09
4.0700e+03,1.2875e-09
4.0800e+03,1.2879e-09
4.0900e+03,1.2883e-09
4.1000e+03,1.2888e-09
4.1100e+03,1.2892e-09
4.1200e+03,1.2896e-09
4.1300e+03,1.2900e-09
4.1400e+03,1.2903e-09
4.1500e+03,1.2907e-09
4.1600e+03,1.2911e-09
4.1700e+03,1.2915e-09
4.1800e+03,1.2918e-09
4.1900e+03,1.2922e-09
4.2000e+03,1.2926e-09
4.2100e+03,1.2929e-09
4.2200e+03,1.2933e-09
4.2300e+03,1.2936e-09
4.2400e+03,1.2940e-09
4.2500e+03,1.2943e-09
4.2600e+03,1.2946e-09
4.2700e+03,1.2949e-09
4.2800e+03,1.2953e-09
4.2900e+03,1.2956e-09
4.3000e+03,1.2959e-09
4.3100e+03,1.2962e-09
4.3200e+03,1.2965e-09
4.3300e+03,1.2968e-09
4.3400e+03,1.2971e-09
4.3500e+03,1.2974e-09
4.3600e+03,1.2977e-09
4.3700e+03,1.2980e-09
4.3800e+03,1.2983e-09
4.3900e+03,1.2986e-09
4.4000e+03,1.2988e-09
4.4100e+03,1.2991e-09
4.4200e+03,1.2994e-09
4.4300e+03,1.2996e-09
4.4400e+03,1.2999e-09
4.4500e+03,1.3002e-09
4.4600e+03,1.3004e-09
4.4700e+03,1.3007e-09
4.4800e+03,1.3009e-09
4.4900e+03,1.3012e-09
4.5000e+03,1.3014e-09
4.5100e+03,1.3017e-09
4.5200e+03,1.3019e-09
4.5300e+03,1.3021e-09
4.5400e+03,1.3024e-09
4.5500e+03,1.3026e-09
4.5600e+03,1.3028e-09
4.5700e+03,1.3030e-09
4.5800e+03,1.3033e-09
4.5900e+03,1.3035e-09
4.6000e+03,1.3037e-09
4.6100e+03,1.3039e-09
4.6200e+03,1.3041e-09
4.6300e+03,1.3043e-09
4.6400e+03,1.3045e-09
4.6500e+03,1.3047e-09
4.6600e+03,1.3049e-09
4.6700e+03,1.3051e-09
4.6800e+03,1.3053e-09
4.6900e+03,1.3054e-09
4.7000e+03,1.3056e-09
4.7100e+03,1.3058e-09
4.7200e+03,1.3060e-09
4.7300e+03,1.3061e-09
4.7400e+03,1.3063e-09
4.7500e+03,1.3065e-09
4.7600e+03,1.3066e-09
4.7700e+03,1.3068e-09
4.7800e+03,1.3069e-09
4.7900e+03,1.3071e-09
4.8000e+03,1.3072e-09
4.8100e+03,1.3073e-09
4.8200e+03,1.3075e-09
4.8300e+03,1.3076e-09
4.8400e+03,1.3077e-09
4.8500e+03,1.3079e-09
4.8600e+03,1.3080e-09
4.8700e+03,1.3081e-09
4.8800e+03,1.3082e-09
4.8900e+03,1.3083e-09
4.9000e+03,1.3084e-09
4.9100e+03,1.3085e-09
4.9200e+03,1.3086e-09
4.9300e+03,1.3087e-09
4.9400e+03,1.3087e-09
4.9500e+03,1.3088e-09
4.9600e+03,1.3089e-09
4.9700e+03,1.3089e-09
4.9800e+03,1.3090e-09
4.9900e+03,1.3091e-09
5.0000e+03,1.3091e-09
5.0100e+03,1.3091e-09
5.0200e+03,1.3092e-09
5.0300e+03,1.3092e-09
5.0400e+03,1.3092e-09
5.0500e+03,1.3093e-09
5.0600e+03,1.3093e-09
5.0700e+03,1.3093e-09
5.0800e+03,1.3093e-09
5.0900e+03,1.3093e-09
5.1000e+03,1.3093e-09
5.1100e+03,1.3093e-09
5.1200e+03,1.3092e-09
5.1300e+03,1.3092e-09
5.1400e+03,1.3092e-09
5.1500e+03,1.3091e-09
5.1600e+03,1.3091e-09
5.1700e+03,1.3090e-09
5.1800e+03,1.3090e-09
5.1900e+03,1.3089e-09
5.2000e+03,1.3088e-09
5.2100e+03,1.3087e-09
5.2200e+03,1.3087e-09
5.2300e+03,1.3086e-09
5.2400e+03,1.3085e-09
5.2500e+03,1.3084e-09
5.2600e+03,1.3082e-09
5.2700e+03,1.3081e-09
5.2800e+03,1.3080e-09
5.2900e+03,1.3078e-09
5.3000e+03,1.3077e-09
5.3100e+03,1.3075e-09
5.3200e+03,1.3074e-09
5.3300e+03,1.3072e-09
5.3400e+03,1.3070e-09
5.3500e+03,1.3069e-09
5.3600e+03,1.3067e-09
5.3700e+03,1.3065e-09
5.3800e+03,1.3063e-09
5.3900e+03,1.3061e-09
5.4000e+03,1.3058e-09
5.4100e+03,1.3056e-09
5.4200e+03,1.3054e-09
5.4300e+03,1.3051e-09
5.4400e+03,1.3049e-09
5.4500e+03,1.3046e-09
5.4600e+03,1.3044e-09
5.4700e+03,1.3041e-09
5.4800e+03,1.3038e-09
5.4900e+03,1.3035e-09
5.5000e+03,1.3032e-09
5.5100e+03,1.3029e-09
5.5200e+03,1.3026e-09
5.5300e+03,1.3023e-09
5.5400e+03,1.3020e-09
5.5500e+03,1.3016e-09
5.5600e+03,1.3013e-09
5.5700e+03,1.3009e-09
5.5800e+03,1.3006e-09
5.5900e+03,1.3002e-09
5.6000e+03,1.2998e-09
5.6100e+03,1.2995e-09
5.6200e+03,1.2991e-09
5.6300e+03,1.2987e-09
5.6400e+03,1.2983e-09
5.6500e+03,1.2979e-09
5.6600e+03,1.2975e-09
5.6700e+03,1.2970e-09
5.6800e+03,1.2966e-09
5.6900e+03,1.2962e-09
5.7000e+03,1.2957e-09
5.7100e+03,1.2953e-09
5.7200e+03,1.2948e-09
5.7300e+03,1.2944e-09
5.7400e+03,1.2939e-09
5.7500e+03,1.2934e-09
5.7600e+03,1.2929e-09
5.7700e+03,1.2925e-09
5.7800e+03,1.2920e-09
5.7900e+03,1.2915e-09
5.8000e+03,1.2910e-09
5.8100e+03,1.2904e-09
5.8200e+03,1.2899e-09
5.8300e+03,1.2894e-09
5.8400e+03,1.2889e-09
5.8500e+03,1.2883e-09
5.8600e+03,1.2878e-09
5.8700e+03,1.2873e-09
5.8800e+03,1.2867e-09
5.8900e+03,1.2862e-09
5.9000e+03,1.2856e-09
5.9100e+03,1.2850e-09
5.9200e+03,1.2845e-09
5.9300e+03,1.2839e-09
5.9400e+03,1.2833e-09
5.9500e+03,1.2827e-09
5.9600e+03,1.2821e-09
5.9700e+03,1.2815e-09
5.9800e+03,1.2809e-09
5.9900e+03,1.2803e-09
6.0000e+03,1.2797e-09
6.0100e+03,1.2791e-09
6.0200e+03,1.2785e-09
6.0300e+03,1.2779e-09
6.0400e+03,1.2773e-09
6.0500e+03,1.2766e-09
6.0600e+03,1.2760e-09
6.0700e+03,1.2754e-09
6.0800e+03,1.2747e-09
6.0900e+03,1.2741e-09
6.1000e+03,1.2735e-09
6.1100e+03,1.2728e-09
6.1200e+03,1.2722e-09
6.1300e+03,1.2715e-09
6.1400e+03,1.2709e-09
6.1500e+03,1.2702e-09
6.1600e+03,1.2696e-09
6.1700e+03,1.2689e-09
6.1800e+03,1.2683e-09
6.1900e+03,1.2676e-09
6.2000e+03,1.2669e-09
6.2100e+03,1.2663e-09
6.2200e+03,1.2656e-09
6.2300e+03,1.2649e-09
6.2400e+03,1.2643e-09
6.2500e+03,1.2636e-09
6.2600e+03,1.2629e-09
6.2700e+03,1.2623e-09
6.2800e+03,1.2616e-09
6.2900e+03,1.2609e-09
6.3000e+03,1.2602e-09
6.3100e+03,1.2596e-09
6.3200e+03,1.2589e-09
6.3300e+03,1.2582e-09
6.3400e+03,1.2575e-09
6.3500e+03,1.2568e-09
6.3600e+03,1.2562e-09
6.3700e+03,1.2555e-09
6.3800e+03,1.2548e-09
6.3900e+03,1.2541e-09
6.4000e+03,1.2535e-09
6.4100e+03,1.2528e-09
6.4200e+03,1.2521e-09
6.4300e+03,1.2514e-09
6.4400e+03,1.2508e-09
6.4500e+03,1.2501e-09
6.4600e+03,1.2494e-09
6.4700e+03,1.2487e-09
6.4800e+03,1.2481e-09
6.4900e+03,1.2474e-09
6.5000e+03,1.2467e-09
6.5100e+03,1.2461e-09
6.5200e+03,1.2454e-09
6.5300e+03,1.2447e-09
6.5400e+03,1.2441e-09
6.5500e+03,1.2434e-09
6.5600e+03,1.2427e-09
6.5700e+03,1.2421e-09
6.5800e+03,1.2414e-09
6.5900e+03,1.2408e-09
6.6000e+03,1.2401e-09
6.6100e+03,1.2395e-09
6.6200e+03,1.2388e-09
6.6300e+03,1.2382e-09
6.6400e+03,1.2375e-09
6.6500e+03,1.2369e-09
6.6600e+03,1.2362e-09
6.6700e+03,1.2356e-09
6.6800e+03,1.2350e-09
6.6900e+03,1.2343e-09
6.7000e+03,1.2337e-09
6.7100e+03,1.2331e-09
6.7200e+03,1.2324e-09
6.7300e+03,1.2318e-09
6.7400e+03,1.2312e-09
6.7500e+03,1.2306e-09
6.7600e+03,1.2299e-09
6.7700e+03,1.2293e-09
6.7800e+03,1.2287e-09
6.7900e+03,1.2281e-09
6.8000e+03,1.2275e-09
6.8100e+03,1.2269e-09
6.8200e+03,1.2263e-09
6.8300e+03,1.2257e-09
6.8400e+03,1.2251e-09
6.8500e+03,1.2245e-09
6.8600e+03,1.2239e-09
6.8700e+03,1.2233e-09
6.8800e+03,1.2227e-09
6.8900e+03,1.2221e-09
6.9000e+03,1.2215e-09
6.9100e+03,1.2209e-09
6.9200e+03,1.2204e-09
6.9300e+03,1.2198e-09
6.9400e+03,1.2192e-09
6.9500e+03,1.2186e-09
6.9600e+03,1.2181e-09
6.9700e+03,1.2175e-09
6.9800e+03,1.2170e-09
6.9900e+03,1.2164e-09
7.0000e+03,1.2158e-09
7.0100e+03,1.2153e-09
7.0200e+03,1.2147e-09
7.0300e+03,1.2142e-09
7.0400e+03,1.2136e-09
7.0500e+03,1.2131e-09
7.0600e+03,1.2125e-09
7.0700e+03,1.2120e-09
7.0800e+03,1.2114e-09
7.0900e+03,1.2109e-09
7.1000e+03,1.2104e-09
7.1100e+03,1.2098e-09
7.1200e+03,1.2093e-09
7.1300e+03,1.2088e-09
7.1400e+03,1.2082e-09
7.1500e+03,1.2077e-09
7.1600e+03,1.2072e-09
7.1700e+03,1.2067e-09
7.1800e+03,1.2062e-09
7.1900e+03,1.2056e-09
7.2000e+03,1.2051e-09
7.2100e+03,1.2046e-09
7.2200e+03,1.2041e-09
7.2300e+03,1.2036e-09
7.2400e+03,1.2031e-09
7.2500e+03,1.2026e-09
7.2600e+03,1.2021e-09
7.2700e+03,1.2015e-09
7.2800e+03,1.2010e-09
7.2900e+03,1.2005e-09
7.3000e+03,1.2000e-09
7.3100e+03,1.1995e-09
7.3200e+03,1.1990e-09
7.3300e+03,1.1985e-09
7.3400e+03,1.1980e-09
7.3500e+03,1.1975e-09
7.3600e+03,1.1970e-09
7.3700e+03,1.1966e-09
7.3800e+03,1.1961e-09
7.3900e+03,1.1956e-09
7.4000e+03,1.1951e-09
7.4100e+03,1.1946e-09
7.4200e+03,1.1941e-09
7.4300e+03,1.1936e-09
7.4400e+03,1.1931e-09
7.4500e+03,1.1926e-09
7.4600e+03,1.1921e-09
7.4700e+03,1.1916e-09
7.4800e+03,1.1912e-09
7.4900e+03,1.1907e-09
7.5000e+03,1.1902e-09
7.5100e+03,1.1897e-09
7.5200e+03,1.1892e-09
7.5300e+03,1.1887e-09
7.5400e+03,1.1882e-09
7.5500e+03,1.1878e-09
7.5600e+03,1.1873e-09
7.5700e+03,1.1868e-09
7.5800e+03,1.1863e-09
7.5900e+03,1.1858e-09
7.6000e+03,1.1853e-09
7.6100e+03,1.1849e-09
7.6200e+03,1.1844e-09
7.6300e+03,1.1839e-09
7.6400e+03,1.1834e-09
7.6500e+03,1.1829e-09
7.6600e+03,1.1825e-09
7.6700e+03,1.1820e-09
7.6800e+03,1.1815e-09
7.6900e+03,1.1810e-09
7.7000e+03,1.1805e-09
7.7100e+03,1.1800e-09
7.7200e+03,1.1796e-09
7.7300e+03,1.1791e-09
7.7400e+03,1.1786e-09
7.7500e+03,1.1781e-09
7.7600e+03,1.1776e-09
7.7700e+03,1.1772e-09
7.7800e+03,1.1767e-09
7.7900e+03,1.1762e-09
7.8000e+03,1.1757e-09
7.8100e+03,1.1752e-09
7.8200e+03,1.1748e-09
7.8300e+03,1.1743e-09
7.8400e+03,1.1738e-09
7.8500e+03,1.1733e-09
7.8600e+03,1.1728e-09
7.8700e+03,1.1724e-09
7.8800e+03,1.1719e-09
7.8900e+03,1.1714e-09
7.9000e+03,1.1709e-09
7.9100e+03,1.1704e-09
7.9200e+03,1.1700e-09
7.9300e+03,1.1695e-09
7.9400e+03,1.1690e-09
7.9500e+03,1.1685e-09
7.9600e+03,1.1681e-09
7.9700e+03,1.1676e-09
7.9800e+03,1.1671e-09
7.9900e+03,1.1666e-09
8.0000e+03,1.1662e-09
8.0100e+03,1.1657e-09
8.0200e+03,1.1652e-09
8.0300e+03,1.1647e-09
8.0400e+03,1.1643e-09
8.0500e+03,1.1638e-09
8.0600e+03,1.1633e-09
8.0700e+03,1.1629e-09
8.0800e+03,1.1624e-09
8.0900e+03,1.1619e-09
8.1000e+03,1.1614e-09
8.1100e+03,1.1610e-09
8.1200e+03,1.1605e-09
8.1300e+03,1.1601e-09
8.1400e+03,1.1596e-09
8.1500e+03,1.1591e-09
8.1600e+03,1.1587e-09
8.1700e+03,1.1582e-09
8.1800e+03,1.1578e-09
8.1900e+03,1.1573e-09
8.2000e+03,1.1568e-09
8.2100e+03,1.1564e-09
8.2200e+03,1.1559e-09
8.2300e+03,1.1555e-09
8.2400e+03,1.1550e-09
8.2500e+03,1.1546e-09
8.2600e+03,1.1541e-09
8.2700e+03,1.1537e-09
8.2800e+03,1.1533e-09
8.2900e+03,1.1528e-09
8.3000e+03,1.1524e-09
8.3100e+03,1.1520e-09
8.3200e+03,1.1515e-09
8.3300e+03,1.1511e-09
8.3400e+03,1.1507e-09
8.3500e+03,1.1502e-09
8.3600e+03,1.1498e-09
8.3700e+03,1.1494e-09
8.3800e+03,1.1490e-09
8.3900e+03,1.1486e-09
8.4000e+03,1.1481e-09
8.4100e+03,1.1477e-09
8.4200e+03,1.1473e-09
8.4300e+03,1.1469e-09
8.4400e+03,1.1465e-09
8.4500e+03,1.1461e-09
8.4600e+03,1.1457e-09
8.4700e+03,1.1453e-09
8.4800e+03,1.1449e-09
8.4900e+03,1.1445e-09
8.5000e+03,1.1442e-09
8.5100e+03,1.1438e-09
8.5200e+03,1.1434e-09
8.5300e+03,1.1430e-09
8.5400e+03,1.1427e-09
8.5500e+03,1.1423e-09
8.5600e+03,1.1419e-09
8.5700e+03,1.1416e-09
8.5800e+03,1.1412e-09
8.5900e+03,1.1409e-09
8.6000e+03,1.1405e-09
8.6100e+03,1.1402e-09
8.6200e+03,1.1398e-09
8.6300e+03,1.1395e-09
8.6400e+03,1.1392e-09
8.6500e+03,1.1388e-09
8.6600e+03,1.1385e-09
8.6700e+03,1.1382e-09
8.6800e+03,1.1379e-09
8.6900e+03,1.1376e-09
8.7000e+03,1.1373e-09
8.7100e+03,1.1369e-09
8.7200e+03,1.1366e-09
8.7300e+03,1.1364e-09
8.7400e+03,1.1361e-09
8.7500e+03,1.1358e-09
8.7600e+03,1.1355e-09
8.7700e+03,1.1352e-09
8.7800e+03,1.1349e-09
8.7900e+03,1.1347e-09
8.8000e+03,1.1344e-09
8.8100e+03,1.1342e-09
8.8200e+03,1.1339e-09
8.8300e+03,1.1337e-09
8.8400e+03,1.1334e-09
8.8500e+03,1.1332e-09
8.8600e+03,1.1329e-09
8.8700e+03,1.1327e-09
8.8800e+03,1.1325e-09
8.8900e+03,1.1323e-09
8.9000e+03,1.1320e-09
8.9100e+03,1.1318e-09
8.9200e+03,1.1316e-09
8.9300e+03,1.1314e-09
8.9400e+03,1.1312e-09
8.9500e+03,1.1310e-09
8.9600e+03,1.1308e-09
8.9700e+03,1.1307e-09
8.9800e+03,1.1305e-09
8.9900e+03,1.1303e-09
9.0000e+03,1.1301e-09
9.0100e+03,1.1300e-09
9.0200e+03,1.1298e-09
9.0300e+03,1.1297e-09
9.0400e+03,1.1295e-09
9.0500e+03,1.1294e-09
9.0600e+03,1.1292e-09
9.0700e+03,1.1291e-09
9.0800e+03,1.1290e-09
9.0900e+03,1.1288e-09
9.1000e+03,1.1287e-09
9.1100e+03,1.1286e-09
9.1200e+03,1.1285e-09
9.1300e+03,1.1284e-09
9.1400e+03,1.1283e-09
9.1500e+03,1.1282e-09
9.1600e+03,1.1281e-09
9.1700e+03,1.1280e-09
9.1800e+03,1.1279e-09
9.1900e+03,1.1278e-09
9.2000e+03,1.1277e-09
9.2100e+03,1.1277e-09
9.2200e+03,1.1276e-09
9.2300e+03,1.1275e-09
9.2400e+03,1.1275e-09
9.2500e+03,1.1274e-09
9.2600e+03,1.1274e-09
9.2700e+03,1.1273e-09
9.2800e+03,1.1273e-09
9.2900e+03,1.1272e-09
9.3000e+03,1.1272e-09
9.3100e+03,1.1271e-09
9.3200e+03,1.1271e-09
9.3300e+03,1.1271e-09
9.3400e+03,1.1271e-09
9.3500e+03,1.1270e-09
9.3600e+03,1.1270e-09
9.3700e+03,1.1270e-09
9.3800e+03,1.1270e-09
9.3900e+03,1.1270e-09
9.4000e+03,1.1270e-09
9.4100e+03,1.1270e-09
9.4200e+03,1.1270e-09
9.4300e+03,1.1270e-09
9.4400e+03,1.1270e-09
9.4500e+03,1.1270e-09
9.4600e+03,1.1271e-09
9.4700e+03,1.1271e-09
9.4800e+03,1.1271e-09
9.4900e+03,1.1271e-09
9.5000e+03,1.1272e-09
9.5100e+03,1.1272e-09
9.5200e+03,1.1272e-09
9.5300e+03,1.1273e-09
9.5400e+03,1.1273e-09
9.5500e+03,1.1274e-09
9.5600e+03,1.1274e-09
9.5700e+03,1.1275e-09
9.5800e+03,1.1275e-09
9.5900e+03,1.1276e-09
9.6000e+03,1.1276e-09
9.6100e+03,1.1277e-09
9.6200e+03,1.1278e-09
9.6300e+03,1.1278e-09
9.6400e+03,1.1279e-09
9.6500e+03,1.1280e-09
9.6600e+03,1.1281e-09
9.6700e+03,1.1281e-09
9.6800e+03,1.1282e-09
9.6900e+03,1.1283e-09
9.7000e+03,1.1284e-09
9.7100e+03,1.1285e-09
9.7200e+03,1.1285e-09
9.7300e+03,1.1286e-09
9.7400e+03,1.1287e-09
9.7500e+03,1.1288e-09
9.7600e+03,1.1289e-09
9.7700e+03,1.1290e-09
9.7800e+03,1.1291e-09
9.7900e+03,1.1292e-09
9.8000e+03,1.1293e-09
9.8100e+03,1.1294e-09
9.8200e+03,1.1295e-09
9.8300e+03,1.1296e-09
9.8400e+03,1.1297e-09
9.8500e+03,1.1299e-09
9.8600e+03,1.1300e-09
9.8700e+03,1.1301e-09
9.8800e+03,1.1302e-09
9.8900e+03,1.1303e-09
9.9000e+03,1.1304e-09
9.9100e+03,1.1305e-09
9.9200e+03,1.1307e-09
9.9300e+03,1.1308e-09
9.9400e+03,1.1309e-09
9.9500e+03,1.1310e-09
9.9600e+03,1.1312e-09
9.9700e+03,1.1313e-09
9.9800e+03,1.1314e-09
9.9900e+03,1.1315e-09
1.0000e+04,1.1317e-09
