# Time , Side-Flux
0.0000e+00,0.0000e+00
1.0000e+01,1.4416e-05
2.0000e+01,2.7346e-05
3.0000e+01,3.7907e-05
4.0000e+01,4.5941e-05
5.0000e+01,5.1759e-05
6.0000e+01,5.5838e-05
7.0000e+01,5.8642e-05
8.0000e+01,6.0548e-05
9.0000e+01,6.1839e-05
1.0000e+02,6.2716e-05
1.1000e+02,6.3318e-05
1.2000e+02,6.3737e-05
1.3000e+02,6.4034e-05
1.4000e+02,6.4249e-05
1.5000e+02,6.4409e-05
1.6000e+02,6.4530e-05
1.7000e+02,6.4624e-05
1.8000e+02,6.4699e-05
1.9000e+02,6.4759e-05
2.0000e+02,6.4808e-05
2.1000e+02,6.4849e-05
2.2000e+02,6.4883e-05
2.3000e+02,6.4911e-05
2.4000e+02,6.4934e-05
2.5000e+02,6.4952e-05
2.6000e+02,6.4967e-05
2.7000e+02,6.4979e-05
2.8000e+02,6.4990e-05
2.9000e+02,6.4999e-05
3.0000e+02,6.5008e-05
3.1000e+02,6.5017e-05
3.2000e+02,6.5027e-05
3.3000e+02,6.5037e-05
3.4000e+02,6.5046e-05
3.5000e+02,6.5054e-05
3.6000e+02,6.5062e-05
3.7000e+02,6.5070e-05
3.8000e+02,6.5079e-05
3.9000e+02,6.5087e-05
4.0000e+02,6.5092e-05
4.1000e+02,6.5093e-05
4.2000e+02,6.5089e-05
4.3000e+02,6.5084e-05
4.4000e+02,6.5078e-05
4.5000e+02,6.5074e-05
4.6000e+02,6.5072e-05
4.7000e+02,6.5071e-05
4.8000e+02,6.5070e-05
4.9000e+02,6.5070e-05
5.0000e+02,6.5069e-05
5.1000e+02,6.5068e-05
5.2000e+02,6.5067e-05
5.3000e+02,6.5066e-05
5.4000e+02,6.5066e-05
5.5000e+02,6.5066e-05
5.6000e+02,6.5066e-05
5.7000e+02,6.5065e-05
5.8000e+02,6.5062e-05
5.9000e+02,6.5056e-05
6.0000e+02,6.5044e-05
6.1000e+02,6.5022e-05
6.2000e+02,6.4990e-05
6.3000e+02,6.4946e-05
6.4000e+02,6.4889e-05
6.5000e+02,6.4815e-05
6.6000e+02,6.4720e-05
6.7000e+02,6.4605e-05
6.8000e+02,6.4477e-05
6.9000e+02,6.4348e-05
7.0000e+02,6.4227e-05
7.1000e+02,6.4115e-05
7.2000e+02,6.4008e-05
7.3000e+02,6.3905e-05
7.4000e+02,6.3806e-05
7.5000e+02,6.3720e-05
7.6000e+02,6.3659e-05
7.7000e+02,6.3628e-05
7.8000e+02,6.3628e-05
7.9000e+02,6.3649e-05
8.0000e+02,6.3675e-05
8.1000e+02,6.3689e-05
8.2000e+02,6.3679e-05
8.3000e+02,6.3646e-05
8.4000e+02,6.3597e-05
8.5000e+02,6.3550e-05
8.6000e+02,6.3519e-05
8.7000e+02,6.3510e-05
8.8000e+02,6.3519e-05
8.9000e+02,6.3539e-05
9.0000e+02,6.3557e-05
9.1000e+02,6.3559e-05
9.2000e+02,6.3526e-05
9.3000e+02,6.3446e-05
9.4000e+02,6.3314e-05
9.5000e+02,6.3138e-05
9.6000e+02,6.2933e-05
9.7000e+02,6.2719e-05
9.8000e+02,6.2521e-05
9.9000e+02,6.2364e-05
1.0000e+03,6.2267e-05
1.0100e+03,6.2233e-05
1.0200e+03,6.2245e-05
1.0300e+03,6.2272e-05
1.0400e+03,6.2277e-05
1.0500e+03,6.2235e-05
1.0600e+03,6.2137e-05
1.0700e+03,6.1983e-05
1.0800e+03,6.1780e-05
1.0900e+03,6.1538e-05
1.1000e+03,6.1276e-05
1.1100e+03,6.1022e-05
1.1200e+03,6.0800e-05
1.1300e+03,6.0629e-05
1.1400e+03,6.0510e-05
1.1500e+03,6.0438e-05
1.1600e+03,6.0402e-05
1.1700e+03,6.0389e-05
1.1800e+03,6.0384e-05
1.1900e+03,6.0378e-05
1.2000e+03,6.0369e-05
1.2100e+03,6.0353e-05
1.2200e+03,6.0329e-05
1.2300e+03,6.0295e-05
1.2400e+03,6.0248e-05
1.2500e+03,6.0189e-05
1.2600e+03,6.0122e-05
1.2700e+03,6.0058e-05
1.2800e+03,6.0007e-05
1.2900e+03,5.9977e-05
1.3000e+03,5.9966e-05
1.3100e+03,5.9970e-05
1.3200e+03,5.9981e-05
1.3300e+03,5.9991e-05
1.3400e+03,5.9992e-05
1.3500e+03,5.9976e-05
1.3600e+03,5.9937e-05
1.3700e+03,5.9880e-05
1.3800e+03,5.9813e-05
1.3900e+03,5.9747e-05
1.4000e+03,5.9688e-05
1.4100e+03,5.9640e-05
1.4200e+03,5.9601e-05
1.4300e+03,5.9571e-05
1.4400e+03,5.9549e-05
1.4500e+03,5.9532e-05
1.4600e+03,5.9519e-05
1.4700e+03,5.9510e-05
1.4800e+03,5.9503e-05
1.4900e+03,5.9498e-05
1.5000e+03,5.9494e-05
1.5100e+03,5.9491e-05
1.5200e+03,5.9488e-05
1.5300e+03,5.9486e-05
1.5400e+03,5.9484e-05
1.5500e+03,5.9481e-05
1.5600e+03,5.9477e-05
1.5700e+03,5.9473e-05
1.5800e+03,5.9470e-05
1.5900e+03,5.9468e-05
1.6000e+03,5.9468e-05
1.6100e+03,5.9470e-05
1.6200e+03,5.9468e-05
1.6300e+03,5.9457e-05
1.6400e+03,5.9433e-05
1.6500e+03,5.9397e-05
1.6600e+03,5.9353e-05
1.6700e+03,5.9310e-05
1.6800e+03,5.9277e-05
1.6900e+03,5.9259e-05
1.7000e+03,5.9255e-05
1.7100e+03,5.9257e-05
1.7200e+03,5.9256e-05
1.7300e+03,5.9249e-05
1.7400e+03,5.9234e-05
1.7500e+03,5.9214e-05
1.7600e+03,5.9194e-05
1.7700e+03,5.9180e-05
1.7800e+03,5.9175e-05
1.7900e+03,5.9176e-05
1.8000e+03,5.9180e-05
1.8100e+03,5.9180e-05
1.8200e+03,5.9167e-05
1.8300e+03,5.9134e-05
1.8400e+03,5.9081e-05
1.8500e+03,5.9008e-05
1.8600e+03,5.8923e-05
1.8700e+03,5.8837e-05
1.8800e+03,5.8755e-05
1.8900e+03,5.8679e-05
1.9000e+03,5.8609e-05
1.9100e+03,5.8543e-05
1.9200e+03,5.8476e-05
1.9300e+03,5.8408e-05
1.9400e+03,5.8337e-05
1.9500e+03,5.8266e-05
1.9600e+03,5.8199e-05
1.9700e+03,5.8143e-05
1.9800e+03,5.8101e-05
1.9900e+03,5.8073e-05
2.0000e+03,5.8055e-05
2.0100e+03,5.8039e-05
2.0200e+03,5.8017e-05
2.0300e+03,5.7986e-05
2.0400e+03,5.7951e-05
2.0500e+03,5.7918e-05
2.0600e+03,5.7889e-05
2.0700e+03,5.7865e-05
2.0800e+03,5.7844e-05
2.0900e+03,5.7824e-05
2.1000e+03,5.7800e-05
2.1100e+03,5.7770e-05
2.1200e+03,5.7731e-05
2.1300e+03,5.7682e-05
2.1400e+03,5.7619e-05
2.1500e+03,5.7533e-05
2.1600e+03,5.7422e-05
2.1700e+03,5.7286e-05
2.1800e+03,5.7132e-05
2.1900e+03,5.6964e-05
2.2000e+03,5.6792e-05
2.2100e+03,5.6626e-05
2.2200e+03,5.6475e-05
2.2300e+03,5.6343e-05
2.2400e+03,5.6229e-05
2.2500e+03,5.6129e-05
2.2600e+03,5.6038e-05
2.2700e+03,5.5954e-05
2.2800e+03,5.5882e-05
2.2900e+03,5.5826e-05
2.3000e+03,5.5787e-05
2.3100e+03,5.5758e-05
2.3200e+03,5.5730e-05
2.3300e+03,5.5701e-05
2.3400e+03,5.5670e-05
2.3500e+03,5.5640e-05
2.3600e+03,5.5615e-05
2.3700e+03,5.5596e-05
2.3800e+03,5.5582e-05
2.3900e+03,5.5572e-05
2.4000e+03,5.5565e-05
2.4100e+03,5.5562e-05
2.4200e+03,5.5561e-05
2.4300e+03,5.5562e-05
2.4400e+03,5.5560e-05
2.4500e+03,5.5559e-05
2.4600e+03,5.5558e-05
2.4700e+03,5.5559e-05
2.4800e+03,5.5559e-05
2.4900e+03,5.5557e-05
2.5000e+03,5.5552e-05
2.5100e+03,5.5546e-05
2.5200e+03,5.5540e-05
2.5300e+03,5.5532e-05
2.5400e+03,5.5523e-05
2.5500e+03,5.5512e-05
2.5600e+03,5.5498e-05
2.5700e+03,5.5481e-05
2.5800e+03,5.5460e-05
2.5900e+03,5.5438e-05
2.6000e+03,5.5414e-05
2.6100e+03,5.5389e-05
2.6200e+03,5.5365e-05
2.6300e+03,5.5342e-05
2.6400e+03,5.5320e-05
2.6500e+03,5.5300e-05
2.6600e+03,5.5280e-05
2.6700e+03,5.5257e-05
2.6800e+03,5.5227e-05
2.6900e+03,5.5191e-05
2.7000e+03,5.5151e-05
2.7100e+03,5.5108e-05
2.7200e+03,5.5060e-05
2.7300e+03,5.5004e-05
2.7400e+03,5.4938e-05
2.7500e+03,5.4868e-05
2.7600e+03,5.4805e-05
2.7700e+03,5.4756e-05
2.7800e+03,5.4725e-05
2.7900e+03,5.4708e-05
2.8000e+03,5.4697e-05
2.8100e+03,5.4683e-05
2.8200e+03,5.4662e-05
2.8300e+03,5.4635e-05
2.8400e+03,5.4604e-05
2.8500e+03,5.4573e-05
2.8600e+03,5.4546e-05
2.8700e+03,5.4528e-05
2.8800e+03,5.4517e-05
2.8900e+03,5.4508e-05
2.9000e+03,5.4484e-05
2.9100e+03,5.4426e-05
2.9200e+03,5.4318e-05
2.9300e+03,5.4158e-05
2.9400e+03,5.3964e-05
2.9500e+03,5.3769e-05
2.9600e+03,5.3609e-05
2.9700e+03,5.3507e-05
2.9800e+03,5.3471e-05
2.9900e+03,5.3485e-05
3.0000e+03,5.3520e-05
3.0100e+03,5.3546e-05
3.0200e+03,5.3546e-05
3.0300e+03,5.3517e-05
3.0400e+03,5.3466e-05
3.0500e+03,5.3403e-05
3.0600e+03,5.3345e-05
3.0700e+03,5.3308e-05
3.0800e+03,5.3306e-05
3.0900e+03,5.3334e-05
3.1000e+03,5.3370e-05
3.1100e+03,5.3383e-05
3.1200e+03,5.3353e-05
3.1300e+03,5.3272e-05
3.1400e+03,5.3150e-05
3.1500e+03,5.3003e-05
3.1600e+03,5.2843e-05
3.1700e+03,5.2679e-05
3.1800e+03,5.2519e-05
3.1900e+03,5.2370e-05
3.2000e+03,5.2242e-05
3.2100e+03,5.2142e-05
3.2200e+03,5.2072e-05
3.2300e+03,5.2033e-05
3.2400e+03,5.2024e-05
3.2500e+03,5.2043e-05
3.2600e+03,5.2082e-05
3.2700e+03,5.2129e-05
3.2800e+03,5.2172e-05
3.2900e+03,5.2201e-05
3.3000e+03,5.2209e-05
3.3100e+03,5.2193e-05
3.3200e+03,5.2154e-05
3.3300e+03,5.2095e-05
3.3400e+03,5.2021e-05
3.3500e+03,5.1936e-05
3.3600e+03,5.1847e-05
3.3700e+03,5.1760e-05
3.3800e+03,5.1683e-05
3.3900e+03,5.1618e-05
3.4000e+03,5.1564e-05
3.4100e+03,5.1515e-05
3.4200e+03,5.1465e-05
3.4300e+03,5.1407e-05
3.4400e+03,5.1339e-05
3.4500e+03,5.1262e-05
3.4600e+03,5.1187e-05
3.4700e+03,5.1124e-05
3.4800e+03,5.1081e-05
3.4900e+03,5.1055e-05
3.5000e+03,5.1038e-05
3.5100e+03,5.1020e-05
3.5200e+03,5.0999e-05
3.5300e+03,5.0978e-05
3.5400e+03,5.0960e-05
3.5500e+03,5.0948e-05
3.5600e+03,5.0939e-05
3.5700e+03,5.0935e-05
3.5800e+03,5.0933e-05
3.5900e+03,5.0933e-05
3.6000e+03,5.0933e-05
3.6100e+03,5.0934e-05
3.6200e+03,5.0934e-05
3.6300e+03,5.0932e-05
3.6400e+03,5.0929e-05
3.6500e+03,5.0922e-05
3.6600e+03,5.0911e-05
3.6700e+03,5.0896e-05
3.6800e+03,5.0876e-05
3.6900e+03,5.0852e-05
3.7000e+03,5.0826e-05
3.7100e+03,5.0798e-05
3.7200e+03,5.0767e-05
3.7300e+03,5.0724e-05
3.7400e+03,5.0664e-05
3.7500e+03,5.0583e-05
3.7600e+03,5.0486e-05
3.7700e+03,5.0387e-05
3.7800e+03,5.0301e-05
3.7900e+03,5.0243e-05
3.8000e+03,5.0215e-05
3.8100e+03,5.0218e-05
3.8200e+03,5.0245e-05
3.8300e+03,5.0290e-05
3.8400e+03,5.0342e-05
3.8500e+03,5.0394e-05
3.8600e+03,5.0442e-05
3.8700e+03,5.0491e-05
3.8800e+03,5.0540e-05
3.8900e+03,5.0584e-05
3.9000e+03,5.0604e-05
3.9100e+03,5.0574e-05
3.9200e+03,5.0466e-05
3.9300e+03,5.0266e-05
3.9400e+03,4.9972e-05
3.9500e+03,4.9601e-05
3.9600e+03,4.9181e-05
3.9700e+03,4.8750e-05
3.9800e+03,4.8352e-05
3.9900e+03,4.8028e-05
4.0000e+03,4.7800e-05
4.0100e+03,4.7666e-05
4.0200e+03,4.7609e-05
4.0300e+03,4.7605e-05
4.0400e+03,4.7632e-05
4.0500e+03,4.7670e-05
4.0600e+03,4.7702e-05
4.0700e+03,4.7714e-05
4.0800e+03,4.7701e-05
4.0900e+03,4.7663e-05
4.1000e+03,4.7608e-05
4.1100e+03,4.7554e-05
4.1200e+03,4.7522e-05
4.1300e+03,4.7525e-05
4.1400e+03,4.7558e-05
4.1500e+03,4.7603e-05
4.1600e+03,4.7647e-05
4.1700e+03,4.7681e-05
4.1800e+03,4.7700e-05
4.1900e+03,4.7702e-05
4.2000e+03,4.7688e-05
4.2100e+03,4.7662e-05
4.2200e+03,4.7626e-05
4.2300e+03,4.7585e-05
4.2400e+03,4.7541e-05
4.2500e+03,4.7500e-05
4.2600e+03,4.7464e-05
4.2700e+03,4.7436e-05
4.2800e+03,4.7420e-05
4.2900e+03,4.7412e-05
4.3000e+03,4.7413e-05
4.3100e+03,4.7417e-05
4.3200e+03,4.7422e-05
4.3300e+03,4.7426e-05
4.3400e+03,4.7430e-05
4.3500e+03,4.7435e-05
4.3600e+03,4.7444e-05
4.3700e+03,4.7459e-05
4.3800e+03,4.7483e-05
4.3900e+03,4.7517e-05
4.4000e+03,4.7558e-05
4.4100e+03,4.7605e-05
4.4200e+03,4.7649e-05
4.4300e+03,4.7682e-05
4.4400e+03,4.7696e-05
4.4500e+03,4.7686e-05
4.4600e+03,4.7657e-05
4.4700e+03,4.7615e-05
4.4800e+03,4.7564e-05
4.4900e+03,4.7509e-05
4.5000e+03,4.7453e-05
4.5100e+03,4.7401e-05
4.5200e+03,4.7360e-05
4.5300e+03,4.7333e-05
4.5400e+03,4.7321e-05
4.5500e+03,4.7320e-05
4.5600e+03,4.7325e-05
4.5700e+03,4.7333e-05
4.5800e+03,4.7338e-05
4.5900e+03,4.7338e-05
4.6000e+03,4.7335e-05
4.6100e+03,4.7331e-05
4.6200e+03,4.7330e-05
4.6300e+03,4.7335e-05
4.6400e+03,4.7347e-05
4.6500e+03,4.7361e-05
4.6600e+03,4.7375e-05
4.6700e+03,4.7385e-05
4.6800e+03,4.7385e-05
4.6900e+03,4.7371e-05
4.7000e+03,4.7338e-05
4.7100e+03,4.7283e-05
4.7200e+03,4.7207e-05
4.7300e+03,4.7113e-05
4.7400e+03,4.7005e-05
4.7500e+03,4.6886e-05
4.7600e+03,4.6755e-05
4.7700e+03,4.6609e-05
4.7800e+03,4.6446e-05
4.7900e+03,4.6262e-05
4.8000e+03,4.6062e-05
4.8100e+03,4.5851e-05
4.8200e+03,4.5641e-05
4.8300e+03,4.5441e-05
4.8400e+03,4.5255e-05
4.8500e+03,4.5082e-05
4.8600e+03,4.4914e-05
4.8700e+03,4.4750e-05
4.8800e+03,4.4590e-05
4.8900e+03,4.4440e-05
4.9000e+03,4.4306e-05
4.9100e+03,4.4185e-05
4.9200e+03,4.4075e-05
4.9300e+03,4.3968e-05
4.9400e+03,4.3866e-05
4.9500e+03,4.3777e-05
4.9600e+03,4.3711e-05
4.9700e+03,4.3674e-05
4.9800e+03,4.3674e-05
4.9900e+03,4.3716e-05
5.0000e+03,4.3809e-05
5.0100e+03,4.3956e-05
5.0200e+03,4.4154e-05
5.0300e+03,4.4392e-05
5.0400e+03,4.4656e-05
5.0500e+03,4.4929e-05
5.0600e+03,4.5204e-05
5.0700e+03,4.5492e-05
5.0800e+03,4.5819e-05
5.0900e+03,4.6208e-05
5.1000e+03,4.6655e-05
5.1100e+03,4.7121e-05
5.1200e+03,4.7555e-05
5.1300e+03,4.7916e-05
5.1400e+03,4.8187e-05
5.1500e+03,4.8369e-05
5.1600e+03,4.8471e-05
5.1700e+03,4.8500e-05
5.1800e+03,4.8461e-05
5.1900e+03,4.8358e-05
5.2000e+03,4.8199e-05
5.2100e+03,4.8000e-05
5.2200e+03,4.7778e-05
5.2300e+03,4.7554e-05
5.2400e+03,4.7338e-05
5.2500e+03,4.7133e-05
5.2600e+03,4.6933e-05
5.2700e+03,4.6733e-05
5.2800e+03,4.6528e-05
5.2900e+03,4.6312e-05
5.3000e+03,4.6085e-05
5.3100e+03,4.5849e-05
5.3200e+03,4.5618e-05
5.3300e+03,4.5398e-05
5.3400e+03,4.5193e-05
5.3500e+03,4.5003e-05
5.3600e+03,4.4829e-05
5.3700e+03,4.4675e-05
5.3800e+03,4.4543e-05
5.3900e+03,4.4433e-05
5.4000e+03,4.4343e-05
5.4100e+03,4.4268e-05
5.4200e+03,4.4205e-05
5.4300e+03,4.4154e-05
5.4400e+03,4.4115e-05
5.4500e+03,4.4090e-05
5.4600e+03,4.4081e-05
5.4700e+03,4.4088e-05
5.4800e+03,4.4107e-05
5.4900e+03,4.4131e-05
5.5000e+03,4.4155e-05
5.5100e+03,4.4178e-05
5.5200e+03,4.4200e-05
5.5300e+03,4.4224e-05
5.5400e+03,4.4248e-05
5.5500e+03,4.4271e-05
5.5600e+03,4.4288e-05
5.5700e+03,4.4295e-05
5.5800e+03,4.4291e-05
5.5900e+03,4.4275e-05
5.6000e+03,4.4251e-05
5.6100e+03,4.4223e-05
5.6200e+03,4.4194e-05
5.6300e+03,4.4162e-05
5.6400e+03,4.4129e-05
5.6500e+03,4.4091e-05
5.6600e+03,4.4048e-05
5.6700e+03,4.4000e-05
5.6800e+03,4.3949e-05
5.6900e+03,4.3900e-05
5.7000e+03,4.3856e-05
5.7100e+03,4.3819e-05
5.7200e+03,4.3787e-05
5.7300e+03,4.3755e-05
5.7400e+03,4.3718e-05
5.7500e+03,4.3676e-05
5.7600e+03,4.3629e-05
5.7700e+03,4.3583e-05
5.7800e+03,4.3542e-05
5.7900e+03,4.3511e-05
5.8000e+03,4.3489e-05
5.8100e+03,4.3471e-05
5.8200e+03,4.3451e-05
5.8300e+03,4.3424e-05
5.8400e+03,4.3392e-05
5.8500e+03,4.3356e-05
5.8600e+03,4.3319e-05
5.8700e+03,4.3280e-05
5.8800e+03,4.3239e-05
5.8900e+03,4.3195e-05
5.9000e+03,4.3147e-05
5.9100e+03,4.3094e-05
5.9200e+03,4.3038e-05
5.9300e+03,4.2978e-05
5.9400e+03,4.2914e-05
5.9500e+03,4.2842e-05
5.9600e+03,4.2761e-05
5.9700e+03,4.2674e-05
5.9800e+03,4.2586e-05
5.9900e+03,4.2503e-05
6.0000e+03,4.2428e-05
6.0100e+03,4.2360e-05
6.0200e+03,4.2291e-05
6.0300e+03,4.2209e-05
6.0400e+03,4.2104e-05
6.0500e+03,4.1968e-05
6.0600e+03,4.1797e-05
6.0700e+03,4.1592e-05
6.0800e+03,4.1356e-05
6.0900e+03,4.1089e-05
6.1000e+03,4.0790e-05
6.1100e+03,4.0454e-05
6.1200e+03,4.0073e-05
6.1300e+03,3.9631e-05
6.1400e+03,3.9117e-05
6.1500e+03,3.8524e-05
6.1600e+03,3.7864e-05
6.1700e+03,3.7162e-05
6.1800e+03,3.6452e-05
6.1900e+03,3.5771e-05
6.2000e+03,3.5152e-05
6.2100e+03,3.4613e-05
6.2200e+03,3.4149e-05
6.2300e+03,3.3743e-05
6.2400e+03,3.3372e-05
6.2500e+03,3.3017e-05
6.2600e+03,3.2664e-05
6.2700e+03,3.2300e-05
6.2800e+03,3.1924e-05
6.2900e+03,3.1549e-05
6.3000e+03,3.1193e-05
6.3100e+03,3.0874e-05
6.3200e+03,3.0603e-05
6.3300e+03,3.0381e-05
6.3400e+03,3.0208e-05
6.3500e+03,3.0077e-05
6.3600e+03,2.9983e-05
6.3700e+03,2.9919e-05
6.3800e+03,2.9874e-05
6.3900e+03,2.9837e-05
6.4000e+03,2.9799e-05
6.4100e+03,2.9753e-05
6.4200e+03,2.9697e-05
6.4300e+03,2.9634e-05
6.4400e+03,2.9569e-05
6.4500e+03,2.9513e-05
6.4600e+03,2.9476e-05
6.4700e+03,2.9468e-05
6.4800e+03,2.9498e-05
6.4900e+03,2.9566e-05
6.5000e+03,2.9674e-05
6.5100e+03,2.9823e-05
6.5200e+03,3.0015e-05
6.5300e+03,3.0251e-05
6.5400e+03,3.0526e-05
6.5500e+03,3.0826e-05
6.5600e+03,3.1134e-05
6.5700e+03,3.1427e-05
6.5800e+03,3.1688e-05
6.5900e+03,3.1901e-05
6.6000e+03,3.2061e-05
6.6100e+03,3.2171e-05
6.6200e+03,3.2238e-05
6.6300e+03,3.2272e-05
6.6400e+03,3.2281e-05
6.6500e+03,3.2269e-05
6.6600e+03,3.2243e-05
6.6700e+03,3.2209e-05
6.6800e+03,3.2170e-05
6.6900e+03,3.2131e-05
6.7000e+03,3.2092e-05
6.7100e+03,3.2057e-05
6.7200e+03,3.2027e-05
6.7300e+03,3.2004e-05
6.7400e+03,3.1988e-05
6.7500e+03,3.1976e-05
6.7600e+03,3.1965e-05
6.7700e+03,3.1955e-05
6.7800e+03,3.1949e-05
6.7900e+03,3.1948e-05
6.8000e+03,3.1956e-05
6.8100e+03,3.1969e-05
6.8200e+03,3.1982e-05
6.8300e+03,3.1984e-05
6.8400e+03,3.1964e-05
6.8500e+03,3.1917e-05
6.8600e+03,3.1842e-05
6.8700e+03,3.1741e-05
6.8800e+03,3.1621e-05
6.8900e+03,3.1493e-05
6.9000e+03,3.1371e-05
6.9100e+03,3.1266e-05
6.9200e+03,3.1185e-05
6.9300e+03,3.1127e-05
6.9400e+03,3.1088e-05
6.9500e+03,3.1069e-05
6.9600e+03,3.1071e-05
6.9700e+03,3.1099e-05
6.9800e+03,3.1160e-05
6.9900e+03,3.1259e-05
7.0000e+03,3.1399e-05
7.0100e+03,3.1575e-05
7.0200e+03,3.1778e-05
7.0300e+03,3.1999e-05
7.0400e+03,3.2224e-05
7.0500e+03,3.2437e-05
7.0600e+03,3.2619e-05
7.0700e+03,3.2755e-05
7.0800e+03,3.2844e-05
7.0900e+03,3.2893e-05
7.1000e+03,3.2921e-05
7.1100e+03,3.2953e-05
7.1200e+03,3.3019e-05
7.1300e+03,3.3142e-05
7.1400e+03,3.3338e-05
7.1500e+03,3.3603e-05
7.1600e+03,3.3917e-05
7.1700e+03,3.4247e-05
7.1800e+03,3.4557e-05
7.1900e+03,3.4821e-05
7.2000e+03,3.5038e-05
7.2100e+03,3.5234e-05
7.2200e+03,3.5445e-05
7.2300e+03,3.5697e-05
7.2400e+03,3.5991e-05
7.2500e+03,3.6310e-05
7.2600e+03,3.6621e-05
7.2700e+03,3.6891e-05
7.2800e+03,3.7090e-05
7.2900e+03,3.7206e-05
7.3000e+03,3.7249e-05
7.3100e+03,3.7244e-05
7.3200e+03,3.7226e-05
7.3300e+03,3.7220e-05
7.3400e+03,3.7238e-05
7.3500e+03,3.7278e-05
7.3600e+03,3.7333e-05
7.3700e+03,3.7397e-05
7.3800e+03,3.7462e-05
7.3900e+03,3.7521e-05
7.4000e+03,3.7565e-05
7.4100e+03,3.7586e-05
7.4200e+03,3.7579e-05
7.4300e+03,3.7540e-05
7.4400e+03,3.7468e-05
7.4500e+03,3.7366e-05
7.4600e+03,3.7238e-05
7.4700e+03,3.7095e-05
7.4800e+03,3.6956e-05
7.4900e+03,3.6847e-05
7.5000e+03,3.6792e-05
7.5100e+03,3.6804e-05
7.5200e+03,3.6871e-05
7.5300e+03,3.6971e-05
7.5400e+03,3.7083e-05
7.5500e+03,3.7202e-05
7.5600e+03,3.7334e-05
7.5700e+03,3.7475e-05
7.5800e+03,3.7604e-05
7.5900e+03,3.7696e-05
7.6000e+03,3.7742e-05
7.6100e+03,3.7751e-05
7.6200e+03,3.7750e-05
7.6300e+03,3.7760e-05
7.6400e+03,3.7796e-05
7.6500e+03,3.7859e-05
7.6600e+03,3.7940e-05
7.6700e+03,3.8027e-05
7.6800e+03,3.8106e-05
7.6900e+03,3.8174e-05
7.7000e+03,3.8230e-05
7.7100e+03,3.8274e-05
7.7200e+03,3.8309e-05
7.7300e+03,3.8335e-05
7.7400e+03,3.8353e-05
7.7500e+03,3.8362e-05
7.7600e+03,3.8359e-05
7.7700e+03,3.8342e-05
7.7800e+03,3.8310e-05
7.7900e+03,3.8267e-05
7.8000e+03,3.8218e-05
7.8100e+03,3.8170e-05
7.8200e+03,3.8131e-05
7.8300e+03,3.8108e-05
7.8400e+03,3.8108e-05
7.8500e+03,3.8135e-05
7.8600e+03,3.8187e-05
7.8700e+03,3.8256e-05
7.8800e+03,3.8330e-05
7.8900e+03,3.8397e-05
7.9000e+03,3.8451e-05
7.9100e+03,3.8490e-05
7.9200e+03,3.8518e-05
7.9300e+03,3.8541e-05
7.9400e+03,3.8570e-05
7.9500e+03,3.8609e-05
7.9600e+03,3.8662e-05
7.9700e+03,3.8730e-05
7.9800e+03,3.8815e-05
7.9900e+03,3.8917e-05
8.0000e+03,3.9041e-05
8.0100e+03,3.9184e-05
8.0200e+03,3.9342e-05
8.0300e+03,3.9503e-05
8.0400e+03,3.9652e-05
8.0500e+03,3.9773e-05
8.0600e+03,3.9850e-05
8.0700e+03,3.9875e-05
8.0800e+03,3.9846e-05
8.0900e+03,3.9766e-05
8.1000e+03,3.9636e-05
8.1100e+03,3.9458e-05
8.1200e+03,3.9233e-05
8.1300e+03,3.8970e-05
8.1400e+03,3.8683e-05
8.1500e+03,3.8390e-05
8.1600e+03,3.8108e-05
8.1700e+03,3.7849e-05
8.1800e+03,3.7620e-05
8.1900e+03,3.7422e-05
8.2000e+03,3.7247e-05
8.2100e+03,3.7079e-05
8.2200e+03,3.6900e-05
8.2300e+03,3.6704e-05
8.2400e+03,3.6501e-05
8.2500e+03,3.6310e-05
8.2600e+03,3.6147e-05
8.2700e+03,3.6021e-05
8.2800e+03,3.5933e-05
8.2900e+03,3.5883e-05
8.3000e+03,3.5866e-05
8.3100e+03,3.5876e-05
8.3200e+03,3.5905e-05
8.3300e+03,3.5946e-05
8.3400e+03,3.5992e-05
8.3500e+03,3.6038e-05
8.3600e+03,3.6083e-05
8.3700e+03,3.6127e-05
8.3800e+03,3.6173e-05
8.3900e+03,3.6220e-05
8.4000e+03,3.6263e-05
8.4100e+03,3.6299e-05
8.4200e+03,3.6329e-05
8.4300e+03,3.6355e-05
8.4400e+03,3.6386e-05
8.4500e+03,3.6427e-05
8.4600e+03,3.6484e-05
8.4700e+03,3.6556e-05
8.4800e+03,3.6639e-05
8.4900e+03,3.6728e-05
8.5000e+03,3.6816e-05
8.5100e+03,3.6898e-05
8.5200e+03,3.6967e-05
8.5300e+03,3.7015e-05
8.5400e+03,3.7036e-05
8.5500e+03,3.7028e-05
8.5600e+03,3.6993e-05
8.5700e+03,3.6935e-05
8.5800e+03,3.6860e-05
8.5900e+03,3.6769e-05
8.6000e+03,3.6658e-05
8.6100e+03,3.6524e-05
8.6200e+03,3.6370e-05
8.6300e+03,3.6210e-05
8.6400e+03,3.6061e-05
8.6500e+03,3.5941e-05
8.6600e+03,3.5863e-05
8.6700e+03,3.5831e-05
8.6800e+03,3.5843e-05
8.6900e+03,3.5891e-05
8.7000e+03,3.5968e-05
8.7100e+03,3.6064e-05
8.7200e+03,3.6169e-05
8.7300e+03,3.6273e-05
8.7400e+03,3.6370e-05
8.7500e+03,3.6453e-05
8.7600e+03,3.6521e-05
8.7700e+03,3.6575e-05
8.7800e+03,3.6619e-05
8.7900e+03,3.6652e-05
8.8000e+03,3.6676e-05
8.8100e+03,3.6686e-05
8.8200e+03,3.6681e-05
8.8300e+03,3.6658e-05
8.8400e+03,3.6610e-05
8.8500e+03,3.6530e-05
8.8600e+03,3.6416e-05
8.8700e+03,3.6278e-05
8.8800e+03,3.6134e-05
8.8900e+03,3.6002e-05
8.9000e+03,3.5894e-05
8.9100e+03,3.5810e-05
8.9200e+03,3.5748e-05
8.9300e+03,3.5704e-05
8.9400e+03,3.5676e-05
8.9500e+03,3.5661e-05
8.9600e+03,3.5657e-05
8.9700e+03,3.5663e-05
8.9800e+03,3.5681e-05
8.9900e+03,3.5708e-05
9.0000e+03,3.5742e-05
9.0100e+03,3.5776e-05
9.0200e+03,3.5796e-05
9.0300e+03,3.5793e-05
9.0400e+03,3.5758e-05
9.0500e+03,3.5692e-05
9.0600e+03,3.5602e-05
9.0700e+03,3.5498e-05
9.0800e+03,3.5386e-05
9.0900e+03,3.5271e-05
9.1000e+03,3.5148e-05
9.1100e+03,3.5014e-05
9.1200e+03,3.4869e-05
9.1300e+03,3.4713e-05
9.1400e+03,3.4551e-05
9.1500e+03,3.4390e-05
9.1600e+03,3.4237e-05
9.1700e+03,3.4098e-05
9.1800e+03,3.3980e-05
9.1900e+03,3.3889e-05
9.2000e+03,3.3833e-05
9.2100e+03,3.3814e-05
9.2200e+03,3.3829e-05
9.2300e+03,3.3865e-05
9.2400e+03,3.3913e-05
9.2500e+03,3.3965e-05
9.2600e+03,3.4021e-05
9.2700e+03,3.4083e-05
9.2800e+03,3.4148e-05
9.2900e+03,3.4213e-05
9.3000e+03,3.4272e-05
9.3100e+03,3.4323e-05
9.3200e+03,3.4363e-05
9.3300e+03,3.4395e-05
9.3400e+03,3.4421e-05
9.3500e+03,3.4443e-05
9.3600e+03,3.4466e-05
9.3700e+03,3.4490e-05
9.3800e+03,3.4520e-05
9.3900e+03,3.4554e-05
9.4000e+03,3.4590e-05
9.4100e+03,3.4623e-05
9.4200e+03,3.4646e-05
9.4300e+03,3.4658e-05
9.4400e+03,3.4662e-05
9.4500e+03,3.4661e-05
9.4600e+03,3.4661e-05
9.4700e+03,3.4662e-05
9.4800e+03,3.4663e-05
9.4900e+03,3.4661e-05
9.5000e+03,3.4650e-05
9.5100e+03,3.4627e-05
9.5200e+03,3.4590e-05
9.5300e+03,3.4540e-05
9.5400e+03,3.4476e-05
9.5500e+03,3.4399e-05
9.5600e+03,3.4312e-05
9.5700e+03,3.4214e-05
9.5800e+03,3.4109e-05
9.5900e+03,3.4000e-05
9.6000e+03,3.3899e-05
9.6100e+03,3.3819e-05
9.6200e+03,3.3770e-05
9.6300e+03,3.3752e-05
9.6400e+03,3.3764e-05
9.6500e+03,3.3797e-05
9.6600e+03,3.3844e-05
9.6700e+03,3.3897e-05
9.6800e+03,3.3955e-05
9.6900e+03,3.4013e-05
9.7000e+03,3.4066e-05
9.7100e+03,3.4108e-05
9.7200e+03,3.4128e-05
9.7300e+03,3.4122e-05
9.7400e+03,3.4088e-05
9.7500e+03,3.4028e-05
9.7600e+03,3.3948e-05
9.7700e+03,3.3860e-05
9.7800e+03,3.3777e-05
9.7900e+03,3.3708e-05
9.8000e+03,3.3657e-05
9.8100e+03,3.3617e-05
9.8200e+03,3.3578e-05
9.8300e+03,3.3530e-05
9.8400e+03,3.3464e-05
9.8500e+03,3.3381e-05
9.8600e+03,3.3286e-05
9.8700e+03,3.3188e-05
9.8800e+03,3.3093e-05
9.8900e+03,3.3007e-05
9.9000e+03,3.2932e-05
9.9100e+03,3.2873e-05
9.9200e+03,3.2830e-05
9.9300e+03,3.2809e-05
9.9400e+03,3.2806e-05
9.9500e+03,3.2820e-05
9.9600e+03,3.2842e-05
9.9700e+03,3.2860e-05
9.9800e+03,3.2867e-05
9.9900e+03,3.2858e-05
1.0000e+04,3.2838e-05
