# Time , Side-Flux
0.0000e+00,0.0000e+00
1.0000e+01,2.2487e-06
2.0000e+01,4.3918e-06
3.0000e+01,6.3422e-06
4.0000e+01,8.0436e-06
5.0000e+01,9.4729e-06
6.0000e+01,1.0635e-05
7.0000e+01,1.1553e-05
8.0000e+01,1.2261e-05
9.0000e+01,1.2797e-05
1.0000e+02,1.3196e-05
1.1000e+02,1.3489e-05
1.2000e+02,1.3702e-05
1.3000e+02,1.3857e-05
1.4000e+02,1.3969e-05
1.5000e+02,1.4051e-05
1.6000e+02,1.4112e-05
1.7000e+02,1.4159e-05
1.8000e+02,1.4195e-05
1.9000e+02,1.4223e-05
2.0000e+02,1.4247e-05
2.1000e+02,1.4267e-05
2.2000e+02,1.4284e-05
2.3000e+02,1.4298e-05
2.4000e+02,1.4311e-05
2.5000e+02,1.4322e-05
2.6000e+02,1.4332e-05
2.7000e+02,1.4340e-05
2.8000e+02,1.4348e-05
2.9000e+02,1.4354e-05
3.0000e+02,1.4360e-05
3.1000e+02,1.4366e-05
3.2000e+02,1.4371e-05
3.3000e+02,1.4376e-05
3.4000e+02,1.4380e-05
3.5000e+02,1.4385e-05
3.6000e+02,1.4389e-05
3.7000e+02,1.4393e-05
3.8000e+02,1.4397e-05
3.9000e+02,1.4401e-05
4.0000e+02,1.4404e-05
4.1000e+02,1.4406e-05
4.2000e+02,1.4409e-05
4.3000e+02,1.4411e-05
4.4000e+02,1.4413e-05
4.5000e+02,1.4414e-05
4.6000e+02,1.4415e-05
4.7000e+02,1.4416e-05
4.8000e+02,1.4416e-05
4.9000e+02,1.4416e-05
5.0000e+02,1.4416e-05
5.1000e+02,1.4416e-05
5.2000e+02,1.4416e-05
5.3000e+02,1.4416e-05
5.4000e+02,1.4415e-05
5.5000e+02,1.4414e-05
5.6000e+02,1.4413e-05
5.7000e+02,1.4412e-05
5.8000e+02,1.4411e-05
5.9000e+02,1.4409e-05
6.0000e+02,1.4407e-05
6.1000e+02,1.4404e-05
6.2000e+02,1.4400e-05
6.3000e+02,1.4394e-05
6.4000e+02,1.4388e-05
6.5000e+02,1.4379e-05
6.6000e+02,1.4368e-05
6.7000e+02,1.4355e-05
6.8000e+02,1.4339e-05
6.9000e+02,1.4321e-05
7.0000e+02,1.4299e-05
7.1000e+02,1.4276e-05
7.2000e+02,1.4251e-05
7.3000e+02,1.4224e-05
7.4000e+02,1.4198e-05
7.5000e+02,1.4172e-05
7.6000e+02,1.4149e-05
7.7000e+02,1.4128e-05
7.8000e+02,1.4111e-05
7.9000e+02,1.4096e-05
8.0000e+02,1.4084e-05
8.1000e+02,1.4073e-05
8.2000e+02,1.4063e-05
8.3000e+02,1.4052e-05
8.4000e+02,1.4041e-05
8.5000e+02,1.4030e-05
8.6000e+02,1.4021e-05
8.7000e+02,1.4013e-05
8.8000e+02,1.4006e-05
8.9000e+02,1.4000e-05
9.0000e+02,1.3991e-05
9.1000e+02,1.3980e-05
9.2000e+02,1.3962e-05
9.3000e+02,1.3938e-05
9.4000e+02,1.3907e-05
9.5000e+02,1.3869e-05
9.6000e+02,1.3826e-05
9.7000e+02,1.3783e-05
9.8000e+02,1.3742e-05
9.9000e+02,1.3708e-05
1.0000e+03,1.3681e-05
1.0100e+03,1.3663e-05
1.0200e+03,1.3652e-05
1.0300e+03,1.3645e-05
1.0400e+03,1.3637e-05
1.0500e+03,1.3625e-05
1.0600e+03,1.3604e-05
1.0700e+03,1.3574e-05
1.0800e+03,1.3534e-05
1.0900e+03,1.3486e-05
1.1000e+03,1.3435e-05
1.1100e+03,1.3385e-05
1.1200e+03,1.3341e-05
1.1300e+03,1.3308e-05
1.1400e+03,1.3288e-05
1.1500e+03,1.3281e-05
1.1600e+03,1.3287e-05
1.1700e+03,1.3304e-05
1.1800e+03,1.3328e-05
1.1900e+03,1.3355e-05
1.2000e+03,1.3383e-05
1.2100e+03,1.3409e-05
1.2200e+03,1.3429e-05
1.2300e+03,1.3443e-05
1.2400e+03,1.3448e-05
1.2500e+03,1.3445e-05
1.2600e+03,1.3435e-05
1.2700e+03,1.3420e-05
1.2800e+03,1.3401e-05
1.2900e+03,1.3382e-05
1.3000e+03,1.3364e-05
1.3100e+03,1.3349e-05
1.3200e+03,1.3337e-05
1.3300e+03,1.3327e-05
1.3400e+03,1.3320e-05
1.3500e+03,1.3315e-05
1.3600e+03,1.3311e-05
1.3700e+03,1.3308e-05
1.3800e+03,1.3307e-05
1.3900e+03,1.3308e-05
1.4000e+03,1.3311e-05
1.4100e+03,1.3315e-05
1.4200e+03,1.3319e-05
1.4300e+03,1.3324e-05
1.4400e+03,1.3328e-05
1.4500e+03,1.3330e-05
1.4600e+03,1.3330e-05
1.4700e+03,1.3329e-05
1.4800e+03,1.3326e-05
1.4900e+03,1.3323e-05
1.5000e+03,1.3320e-05
1.5100e+03,1.3317e-05
1.5200e+03,1.3315e-05
1.5300e+03,1.3313e-05
1.5400e+03,1.3313e-05
1.5500e+03,1.3314e-05
1.5600e+03,1.3314e-05
1.5700e+03,1.3315e-05
1.5800e+03,1.3316e-05
1.5900e+03,1.3316e-05
1.6000e+03,1.3315e-05
1.6100e+03,1.3314e-05
1.6200e+03,1.3313e-05
1.6300e+03,1.3310e-05
1.6400e+03,1.3307e-05
1.6500e+03,1.3302e-05
1.6600e+03,1.3295e-05
1.6700e+03,1.3287e-05
1.6800e+03,1.3278e-05
1.6900e+03,1.3268e-05
1.7000e+03,1.3258e-05
1.7100e+03,1.3249e-05
1.7200e+03,1.3241e-05
1.7300e+03,1.3233e-05
1.7400e+03,1.3227e-05
1.7500e+03,1.3222e-05
1.7600e+03,1.3219e-05
1.7700e+03,1.3218e-05
1.7800e+03,1.3217e-05
1.7900e+03,1.3216e-05
1.8000e+03,1.3214e-05
1.8100e+03,1.3210e-05
1.8200e+03,1.3203e-05
1.8300e+03,1.3192e-05
1.8400e+03,1.3180e-05
1.8500e+03,1.3166e-05
1.8600e+03,1.3152e-05
1.8700e+03,1.3138e-05
1.8800e+03,1.3126e-05
1.8900e+03,1.3114e-05
1.9000e+03,1.3104e-05
1.9100e+03,1.3094e-05
1.9200e+03,1.3084e-05
1.9300e+03,1.3074e-05
1.9400e+03,1.3064e-05
1.9500e+03,1.3056e-05
1.9600e+03,1.3048e-05
1.9700e+03,1.3043e-05
1.9800e+03,1.3041e-05
1.9900e+03,1.3041e-05
2.0000e+03,1.3044e-05
2.0100e+03,1.3048e-05
2.0200e+03,1.3052e-05
2.0300e+03,1.3055e-05
2.0400e+03,1.3055e-05
2.0500e+03,1.3052e-05
2.0600e+03,1.3045e-05
2.0700e+03,1.3033e-05
2.0800e+03,1.3016e-05
2.0900e+03,1.2994e-05
2.1000e+03,1.2968e-05
2.1100e+03,1.2938e-05
2.1200e+03,1.2904e-05
2.1300e+03,1.2865e-05
2.1400e+03,1.2822e-05
2.1500e+03,1.2774e-05
2.1600e+03,1.2722e-05
2.1700e+03,1.2667e-05
2.1800e+03,1.2611e-05
2.1900e+03,1.2556e-05
2.2000e+03,1.2505e-05
2.2100e+03,1.2460e-05
2.2200e+03,1.2424e-05
2.2300e+03,1.2398e-05
2.2400e+03,1.2381e-05
2.2500e+03,1.2373e-05
2.2600e+03,1.2375e-05
2.2700e+03,1.2384e-05
2.2800e+03,1.2400e-05
2.2900e+03,1.2421e-05
2.3000e+03,1.2443e-05
2.3100e+03,1.2465e-05
2.3200e+03,1.2483e-05
2.3300e+03,1.2496e-05
2.3400e+03,1.2502e-05
2.3500e+03,1.2501e-05
2.3600e+03,1.2495e-05
2.3700e+03,1.2485e-05
2.3800e+03,1.2473e-05
2.3900e+03,1.2460e-05
2.4000e+03,1.2448e-05
2.4100e+03,1.2439e-05
2.4200e+03,1.2433e-05
2.4300e+03,1.2430e-05
2.4400e+03,1.2429e-05
2.4500e+03,1.2431e-05
2.4600e+03,1.2433e-05
2.4700e+03,1.2436e-05
2.4800e+03,1.2438e-05
2.4900e+03,1.2439e-05
2.5000e+03,1.2438e-05
2.5100e+03,1.2437e-05
2.5200e+03,1.2434e-05
2.5300e+03,1.2432e-05
2.5400e+03,1.2429e-05
2.5500e+03,1.2427e-05
2.5600e+03,1.2425e-05
2.5700e+03,1.2423e-05
2.5800e+03,1.2421e-05
2.5900e+03,1.2420e-05
2.6000e+03,1.2419e-05
2.6100e+03,1.2418e-05
2.6200e+03,1.2416e-05
2.6300e+03,1.2415e-05
2.6400e+03,1.2412e-05
2.6500e+03,1.2409e-05
2.6600e+03,1.2404e-05
2.6700e+03,1.2399e-05
2.6800e+03,1.2392e-05
2.6900e+03,1.2385e-05
2.7000e+03,1.2376e-05
2.7100e+03,1.2368e-05
2.7200e+03,1.2359e-05
2.7300e+03,1.2351e-05
2.7400e+03,1.2345e-05
2.7500e+03,1.2341e-05
2.7600e+03,1.2339e-05
2.7700e+03,1.2340e-05
2.7800e+03,1.2344e-05
2.7900e+03,1.2349e-05
2.8000e+03,1.2354e-05
2.8100e+03,1.2357e-05
2.8200e+03,1.2358e-05
2.8300e+03,1.2354e-05
2.8400e+03,1.2347e-05
2.8500e+03,1.2335e-05
2.8600e+03,1.2318e-05
2.8700e+03,1.2297e-05
2.8800e+03,1.2272e-05
2.8900e+03,1.2242e-05
2.9000e+03,1.2208e-05
2.9100e+03,1.2170e-05
2.9200e+03,1.2129e-05
2.9300e+03,1.2085e-05
2.9400e+03,1.2042e-05
2.9500e+03,1.2000e-05
2.9600e+03,1.1960e-05
2.9700e+03,1.1923e-05
2.9800e+03,1.1889e-05
2.9900e+03,1.1858e-05
3.0000e+03,1.1829e-05
3.0100e+03,1.1803e-05
3.0200e+03,1.1779e-05
3.0300e+03,1.1761e-05
3.0400e+03,1.1749e-05
3.0500e+03,1.1745e-05
3.0600e+03,1.1749e-05
3.0700e+03,1.1759e-05
3.0800e+03,1.1772e-05
3.0900e+03,1.1785e-05
3.1000e+03,1.1794e-05
3.1100e+03,1.1796e-05
3.1200e+03,1.1792e-05
3.1300e+03,1.1783e-05
3.1400e+03,1.1771e-05
3.1500e+03,1.1758e-05
3.1600e+03,1.1746e-05
3.1700e+03,1.1736e-05
3.1800e+03,1.1728e-05
3.1900e+03,1.1722e-05
3.2000e+03,1.1717e-05
3.2100e+03,1.1711e-05
3.2200e+03,1.1706e-05
3.2300e+03,1.1700e-05
3.2400e+03,1.1694e-05
3.2500e+03,1.1688e-05
3.2600e+03,1.1682e-05
3.2700e+03,1.1677e-05
3.2800e+03,1.1672e-05
3.2900e+03,1.1667e-05
3.3000e+03,1.1662e-05
3.3100e+03,1.1657e-05
3.3200e+03,1.1652e-05
3.3300e+03,1.1648e-05
3.3400e+03,1.1645e-05
3.3500e+03,1.1644e-05
3.3600e+03,1.1646e-05
3.3700e+03,1.1650e-05
3.3800e+03,1.1657e-05
3.3900e+03,1.1665e-05
3.4000e+03,1.1672e-05
3.4100e+03,1.1678e-05
3.4200e+03,1.1679e-05
3.4300e+03,1.1676e-05
3.4400e+03,1.1668e-05
3.4500e+03,1.1657e-05
3.4600e+03,1.1643e-05
3.4700e+03,1.1628e-05
3.4800e+03,1.1613e-05
3.4900e+03,1.1599e-05
3.5000e+03,1.1586e-05
3.5100e+03,1.1574e-05
3.5200e+03,1.1563e-05
3.5300e+03,1.1554e-05
3.5400e+03,1.1547e-05
3.5500e+03,1.1543e-05
3.5600e+03,1.1540e-05
3.5700e+03,1.1540e-05
3.5800e+03,1.1541e-05
3.5900e+03,1.1543e-05
3.6000e+03,1.1546e-05
3.6100e+03,1.1548e-05
3.6200e+03,1.1549e-05
3.6300e+03,1.1550e-05
3.6400e+03,1.1551e-05
3.6500e+03,1.1552e-05
3.6600e+03,1.1552e-05
3.6700e+03,1.1553e-05
3.6800e+03,1.1553e-05
3.6900e+03,1.1552e-05
3.7000e+03,1.1550e-05
3.7100e+03,1.1546e-05
3.7200e+03,1.1540e-05
3.7300e+03,1.1532e-05
3.7400e+03,1.1523e-05
3.7500e+03,1.1514e-05
3.7600e+03,1.1506e-05
3.7700e+03,1.1500e-05
3.7800e+03,1.1498e-05
3.7900e+03,1.1500e-05
3.8000e+03,1.1506e-05
3.8100e+03,1.1514e-05
3.8200e+03,1.1522e-05
3.8300e+03,1.1530e-05
3.8400e+03,1.1536e-05
3.8500e+03,1.1538e-05
3.8600e+03,1.1536e-05
3.8700e+03,1.1530e-05
3.8800e+03,1.1519e-05
3.8900e+03,1.1501e-05
3.9000e+03,1.1477e-05
3.9100e+03,1.1444e-05
3.9200e+03,1.1402e-05
3.9300e+03,1.1354e-05
3.9400e+03,1.1300e-05
3.9500e+03,1.1247e-05
3.9600e+03,1.1197e-05
3.9700e+03,1.1157e-05
3.9800e+03,1.1128e-05
3.9900e+03,1.1113e-05
4.0000e+03,1.1111e-05
4.0100e+03,1.1118e-05
4.0200e+03,1.1130e-05
4.0300e+03,1.1144e-05
4.0400e+03,1.1157e-05
4.0500e+03,1.1165e-05
4.0600e+03,1.1169e-05
4.0700e+03,1.1169e-05
4.0800e+03,1.1166e-05
4.0900e+03,1.1160e-05
4.1000e+03,1.1151e-05
4.1100e+03,1.1138e-05
4.1200e+03,1.1121e-05
4.1300e+03,1.1099e-05
4.1400e+03,1.1071e-05
4.1500e+03,1.1039e-05
4.1600e+03,1.1003e-05
4.1700e+03,1.0967e-05
4.1800e+03,1.0934e-05
4.1900e+03,1.0904e-05
4.2000e+03,1.0880e-05
4.2100e+03,1.0863e-05
4.2200e+03,1.0852e-05
4.2300e+03,1.0846e-05
4.2400e+03,1.0845e-05
4.2500e+03,1.0848e-05
4.2600e+03,1.0853e-05
4.2700e+03,1.0859e-05
4.2800e+03,1.0865e-05
4.2900e+03,1.0870e-05
4.3000e+03,1.0875e-05
4.3100e+03,1.0877e-05
4.3200e+03,1.0878e-05
4.3300e+03,1.0877e-05
4.3400e+03,1.0874e-05
4.3500e+03,1.0870e-05
4.3600e+03,1.0865e-05
4.3700e+03,1.0858e-05
4.3800e+03,1.0850e-05
4.3900e+03,1.0841e-05
4.4000e+03,1.0828e-05
4.4100e+03,1.0813e-05
4.4200e+03,1.0793e-05
4.4300e+03,1.0769e-05
4.4400e+03,1.0740e-05
4.4500e+03,1.0709e-05
4.4600e+03,1.0676e-05
4.4700e+03,1.0643e-05
4.4800e+03,1.0612e-05
4.4900e+03,1.0585e-05
4.5000e+03,1.0564e-05
4.5100e+03,1.0550e-05
4.5200e+03,1.0542e-05
4.5300e+03,1.0542e-05
4.5400e+03,1.0547e-05
4.5500e+03,1.0556e-05
4.5600e+03,1.0568e-05
4.5700e+03,1.0582e-05
4.5800e+03,1.0596e-05
4.5900e+03,1.0608e-05
4.6000e+03,1.0620e-05
4.6100e+03,1.0631e-05
4.6200e+03,1.0640e-05
4.6300e+03,1.0648e-05
4.6400e+03,1.0655e-05
4.6500e+03,1.0660e-05
4.6600e+03,1.0664e-05
4.6700e+03,1.0667e-05
4.6800e+03,1.0668e-05
4.6900e+03,1.0668e-05
4.7000e+03,1.0667e-05
4.7100e+03,1.0667e-05
4.7200e+03,1.0667e-05
4.7300e+03,1.0669e-05
4.7400e+03,1.0673e-05
4.7500e+03,1.0679e-05
4.7600e+03,1.0687e-05
4.7700e+03,1.0696e-05
4.7800e+03,1.0705e-05
4.7900e+03,1.0712e-05
4.8000e+03,1.0718e-05
4.8100e+03,1.0720e-05
4.8200e+03,1.0720e-05
4.8300e+03,1.0717e-05
4.8400e+03,1.0710e-05
4.8500e+03,1.0701e-05
4.8600e+03,1.0691e-05
4.8700e+03,1.0680e-05
4.8800e+03,1.0669e-05
4.8900e+03,1.0659e-05
4.9000e+03,1.0651e-05
4.9100e+03,1.0646e-05
4.9200e+03,1.0645e-05
4.9300e+03,1.0648e-05
4.9400e+03,1.0656e-05
4.9500e+03,1.0669e-05
4.9600e+03,1.0689e-05
4.9700e+03,1.0716e-05
4.9800e+03,1.0753e-05
4.9900e+03,1.0801e-05
5.0000e+03,1.0861e-05
5.0100e+03,1.0933e-05
5.0200e+03,1.1012e-05
5.0300e+03,1.1096e-05
5.0400e+03,1.1178e-05
5.0500e+03,1.1253e-05
5.0600e+03,1.1314e-05
5.0700e+03,1.1358e-05
5.0800e+03,1.1379e-05
5.0900e+03,1.1375e-05
5.1000e+03,1.1344e-05
5.1100e+03,1.1285e-05
5.1200e+03,1.1199e-05
5.1300e+03,1.1087e-05
5.1400e+03,1.0952e-05
5.1500e+03,1.0797e-05
5.1600e+03,1.0625e-05
5.1700e+03,1.0444e-05
5.1800e+03,1.0260e-05
5.1900e+03,1.0080e-05
5.2000e+03,9.9115e-06
5.2100e+03,9.7590e-06
5.2200e+03,9.6265e-06
5.2300e+03,9.5158e-06
5.2400e+03,9.4273e-06
5.2500e+03,9.3599e-06
5.2600e+03,9.3118e-06
5.2700e+03,9.2805e-06
5.2800e+03,9.2629e-06
5.2900e+03,9.2555e-06
5.3000e+03,9.2546e-06
5.3100e+03,9.2568e-06
5.3200e+03,9.2599e-06
5.3300e+03,9.2630e-06
5.3400e+03,9.2673e-06
5.3500e+03,9.2753e-06
5.3600e+03,9.2899e-06
5.3700e+03,9.3138e-06
5.3800e+03,9.3485e-06
5.3900e+03,9.3938e-06
5.4000e+03,9.4485e-06
5.4100e+03,9.5098e-06
5.4200e+03,9.5747e-06
5.4300e+03,9.6396e-06
5.4400e+03,9.7011e-06
5.4500e+03,9.7560e-06
5.4600e+03,9.8019e-06
5.4700e+03,9.8375e-06
5.4800e+03,9.8622e-06
5.4900e+03,9.8771e-06
5.5000e+03,9.8834e-06
5.5100e+03,9.8829e-06
5.5200e+03,9.8772e-06
5.5300e+03,9.8675e-06
5.5400e+03,9.8547e-06
5.5500e+03,9.8397e-06
5.5600e+03,9.8231e-06
5.5700e+03,9.8057e-06
5.5800e+03,9.7880e-06
5.5900e+03,9.7702e-06
5.6000e+03,9.7522e-06
5.6100e+03,9.7339e-06
5.6200e+03,9.7148e-06
5.6300e+03,9.6949e-06
5.6400e+03,9.6741e-06
5.6500e+03,9.6530e-06
5.6600e+03,9.6324e-06
5.6700e+03,9.6135e-06
5.6800e+03,9.5975e-06
5.6900e+03,9.5856e-06
5.7000e+03,9.5788e-06
5.7100e+03,9.5777e-06
5.7200e+03,9.5823e-06
5.7300e+03,9.5927e-06
5.7400e+03,9.6085e-06
5.7500e+03,9.6295e-06
5.7600e+03,9.6554e-06
5.7700e+03,9.6856e-06
5.7800e+03,9.7191e-06
5.7900e+03,9.7548e-06
5.8000e+03,9.7913e-06
5.8100e+03,9.8274e-06
5.8200e+03,9.8618e-06
5.8300e+03,9.8931e-06
5.8400e+03,9.9205e-06
5.8500e+03,9.9430e-06
5.8600e+03,9.9600e-06
5.8700e+03,9.9714e-06
5.8800e+03,9.9778e-06
5.8900e+03,9.9795e-06
5.9000e+03,9.9773e-06
5.9100e+03,9.9714e-06
5.9200e+03,9.9620e-06
5.9300e+03,9.9492e-06
5.9400e+03,9.9328e-06
5.9500e+03,9.9132e-06
5.9600e+03,9.8909e-06
5.9700e+03,9.8668e-06
5.9800e+03,9.8425e-06
5.9900e+03,9.8194e-06
6.0000e+03,9.7996e-06
6.0100e+03,9.7844e-06
6.0200e+03,9.7753e-06
6.0300e+03,9.7728e-06
6.0400e+03,9.7773e-06
6.0500e+03,9.7886e-06
6.0600e+03,9.8061e-06
6.0700e+03,9.8288e-06
6.0800e+03,9.8554e-06
6.0900e+03,9.8848e-06
6.1000e+03,9.9157e-06
6.1100e+03,9.9474e-06
6.1200e+03,9.9794e-06
6.1300e+03,1.0012e-05
6.1400e+03,1.0044e-05
6.1500e+03,1.0076e-05
6.1600e+03,1.0107e-05
6.1700e+03,1.0138e-05
6.1800e+03,1.0167e-05
6.1900e+03,1.0195e-05
6.2000e+03,1.0222e-05
6.2100e+03,1.0248e-05
6.2200e+03,1.0274e-05
6.2300e+03,1.0302e-05
6.2400e+03,1.0333e-05
6.2500e+03,1.0369e-05
6.2600e+03,1.0411e-05
6.2700e+03,1.0461e-05
6.2800e+03,1.0517e-05
6.2900e+03,1.0580e-05
6.3000e+03,1.0647e-05
6.3100e+03,1.0718e-05
6.3200e+03,1.0790e-05
6.3300e+03,1.0863e-05
6.3400e+03,1.0934e-05
6.3500e+03,1.1003e-05
6.3600e+03,1.1066e-05
6.3700e+03,1.1124e-05
6.3800e+03,1.1173e-05
6.3900e+03,1.1212e-05
6.4000e+03,1.1242e-05
6.4100e+03,1.1262e-05
6.4200e+03,1.1272e-05
6.4300e+03,1.1274e-05
6.4400e+03,1.1270e-05
6.4500e+03,1.1263e-05
6.4600e+03,1.1256e-05
6.4700e+03,1.1251e-05
6.4800e+03,1.1252e-05
6.4900e+03,1.1260e-05
6.5000e+03,1.1279e-05
6.5100e+03,1.1309e-05
6.5200e+03,1.1349e-05
6.5300e+03,1.1399e-05
6.5400e+03,1.1456e-05
6.5500e+03,1.1515e-05
6.5600e+03,1.1574e-05
6.5700e+03,1.1628e-05
6.5800e+03,1.1674e-05
6.5900e+03,1.1710e-05
6.6000e+03,1.1736e-05
6.6100e+03,1.1752e-05
6.6200e+03,1.1761e-05
6.6300e+03,1.1764e-05
6.6400e+03,1.1764e-05
6.6500e+03,1.1762e-05
6.6600e+03,1.1760e-05
6.6700e+03,1.1759e-05
6.6800e+03,1.1760e-05
6.6900e+03,1.1761e-05
6.7000e+03,1.1762e-05
6.7100e+03,1.1764e-05
6.7200e+03,1.1764e-05
6.7300e+03,1.1764e-05
6.7400e+03,1.1763e-05
6.7500e+03,1.1761e-05
6.7600e+03,1.1759e-05
6.7700e+03,1.1757e-05
6.7800e+03,1.1753e-05
6.7900e+03,1.1748e-05
6.8000e+03,1.1741e-05
6.8100e+03,1.1728e-05
6.8200e+03,1.1711e-05
6.8300e+03,1.1686e-05
6.8400e+03,1.1656e-05
6.8500e+03,1.1620e-05
6.8600e+03,1.1579e-05
6.8700e+03,1.1536e-05
6.8800e+03,1.1490e-05
6.8900e+03,1.1441e-05
6.9000e+03,1.1390e-05
6.9100e+03,1.1335e-05
6.9200e+03,1.1277e-05
6.9300e+03,1.1215e-05
6.9400e+03,1.1152e-05
6.9500e+03,1.1088e-05
6.9600e+03,1.1025e-05
6.9700e+03,1.0965e-05
6.9800e+03,1.0908e-05
6.9900e+03,1.0857e-05
7.0000e+03,1.0812e-05
7.0100e+03,1.0773e-05
7.0200e+03,1.0741e-05
7.0300e+03,1.0714e-05
7.0400e+03,1.0693e-05
7.0500e+03,1.0675e-05
7.0600e+03,1.0660e-05
7.0700e+03,1.0646e-05
7.0800e+03,1.0634e-05
7.0900e+03,1.0623e-05
7.1000e+03,1.0614e-05
7.1100e+03,1.0608e-05
7.1200e+03,1.0606e-05
7.1300e+03,1.0608e-05
7.1400e+03,1.0616e-05
7.1500e+03,1.0628e-05
7.1600e+03,1.0647e-05
7.1700e+03,1.0671e-05
7.1800e+03,1.0702e-05
7.1900e+03,1.0741e-05
7.2000e+03,1.0788e-05
7.2100e+03,1.0844e-05
7.2200e+03,1.0907e-05
7.2300e+03,1.0974e-05
7.2400e+03,1.1043e-05
7.2500e+03,1.1112e-05
7.2600e+03,1.1178e-05
7.2700e+03,1.1241e-05
7.2800e+03,1.1300e-05
7.2900e+03,1.1354e-05
7.3000e+03,1.1403e-05
7.3100e+03,1.1445e-05
7.3200e+03,1.1478e-05
7.3300e+03,1.1499e-05
7.3400e+03,1.1508e-05
7.3500e+03,1.1505e-05
7.3600e+03,1.1490e-05
7.3700e+03,1.1467e-05
7.3800e+03,1.1439e-05
7.3900e+03,1.1409e-05
7.4000e+03,1.1379e-05
7.4100e+03,1.1351e-05
7.4200e+03,1.1324e-05
7.4300e+03,1.1297e-05
7.4400e+03,1.1267e-05
7.4500e+03,1.1232e-05
7.4600e+03,1.1190e-05
7.4700e+03,1.1138e-05
7.4800e+03,1.1076e-05
7.4900e+03,1.1003e-05
7.5000e+03,1.0921e-05
7.5100e+03,1.0831e-05
7.5200e+03,1.0733e-05
7.5300e+03,1.0631e-05
7.5400e+03,1.0527e-05
7.5500e+03,1.0425e-05
7.5600e+03,1.0331e-05
7.5700e+03,1.0248e-05
7.5800e+03,1.0181e-05
7.5900e+03,1.0129e-05
7.6000e+03,1.0091e-05
7.6100e+03,1.0065e-05
7.6200e+03,1.0046e-05
7.6300e+03,1.0032e-05
7.6400e+03,1.0019e-05
7.6500e+03,1.0005e-05
7.6600e+03,9.9900e-06
7.6700e+03,9.9730e-06
7.6800e+03,9.9550e-06
7.6900e+03,9.9373e-06
7.7000e+03,9.9215e-06
7.7100e+03,9.9089e-06
7.7200e+03,9.9005e-06
7.7300e+03,9.8964e-06
7.7400e+03,9.8958e-06
7.7500e+03,9.8975e-06
7.7600e+03,9.8999e-06
7.7700e+03,9.9019e-06
7.7800e+03,9.9026e-06
7.7900e+03,9.9019e-06
7.8000e+03,9.9004e-06
7.8100e+03,9.8985e-06
7.8200e+03,9.8965e-06
7.8300e+03,9.8944e-06
7.8400e+03,9.8919e-06
7.8500e+03,9.8882e-06
7.8600e+03,9.8829e-06
7.8700e+03,9.8754e-06
7.8800e+03,9.8654e-06
7.8900e+03,9.8530e-06
7.9000e+03,9.8382e-06
7.9100e+03,9.8214e-06
7.9200e+03,9.8026e-06
7.9300e+03,9.7821e-06
7.9400e+03,9.7598e-06
7.9500e+03,9.7358e-06
7.9600e+03,9.7100e-06
7.9700e+03,9.6826e-06
7.9800e+03,9.6536e-06
7.9900e+03,9.6229e-06
8.0000e+03,9.5909e-06
8.0100e+03,9.5580e-06
8.0200e+03,9.5246e-06
8.0300e+03,9.4918e-06
8.0400e+03,9.4603e-06
8.0500e+03,9.4310e-06
8.0600e+03,9.4044e-06
8.0700e+03,9.3809e-06
8.0800e+03,9.3604e-06
8.0900e+03,9.3425e-06
8.1000e+03,9.3264e-06
8.1100e+03,9.3111e-06
8.1200e+03,9.2955e-06
8.1300e+03,9.2788e-06
8.1400e+03,9.2604e-06
8.1500e+03,9.2402e-06
8.1600e+03,9.2187e-06
8.1700e+03,9.1967e-06
8.1800e+03,9.1754e-06
8.1900e+03,9.1563e-06
8.2000e+03,9.1403e-06
8.2100e+03,9.1282e-06
8.2200e+03,9.1200e-06
8.2300e+03,9.1152e-06
8.2400e+03,9.1130e-06
8.2500e+03,9.1127e-06
8.2600e+03,9.1134e-06
8.2700e+03,9.1144e-06
8.2800e+03,9.1149e-06
8.2900e+03,9.1136e-06
8.3000e+03,9.1095e-06
8.3100e+03,9.1009e-06
8.3200e+03,9.0869e-06
8.3300e+03,9.0668e-06
8.3400e+03,9.0412e-06
8.3500e+03,9.0113e-06
8.3600e+03,8.9788e-06
8.3700e+03,8.9456e-06
8.3800e+03,8.9133e-06
8.3900e+03,8.8827e-06
8.4000e+03,8.8544e-06
8.4100e+03,8.8284e-06
8.4200e+03,8.8047e-06
8.4300e+03,8.7833e-06
8.4400e+03,8.7641e-06
8.4500e+03,8.7472e-06
8.4600e+03,8.7322e-06
8.4700e+03,8.7188e-06
8.4800e+03,8.7067e-06
8.4900e+03,8.6956e-06
8.5000e+03,8.6852e-06
8.5100e+03,8.6756e-06
8.5200e+03,8.6670e-06
8.5300e+03,8.6596e-06
8.5400e+03,8.6539e-06
8.5500e+03,8.6501e-06
8.5600e+03,8.6486e-06
8.5700e+03,8.6498e-06
8.5800e+03,8.6543e-06
8.5900e+03,8.6629e-06
8.6000e+03,8.6770e-06
8.6100e+03,8.6978e-06
8.6200e+03,8.7260e-06
8.6300e+03,8.7619e-06
8.6400e+03,8.8042e-06
8.6500e+03,8.8507e-06
8.6600e+03,8.8976e-06
8.6700e+03,8.9406e-06
8.6800e+03,8.9748e-06
8.6900e+03,8.9961e-06
8.7000e+03,9.0017e-06
8.7100e+03,8.9910e-06
8.7200e+03,8.9660e-06
8.7300e+03,8.9304e-06
8.7400e+03,8.8897e-06
8.7500e+03,8.8494e-06
8.7600e+03,8.8144e-06
8.7700e+03,8.7880e-06
8.7800e+03,8.7718e-06
8.7900e+03,8.7653e-06
8.8000e+03,8.7668e-06
8.8100e+03,8.7738e-06
8.8200e+03,8.7836e-06
8.8300e+03,8.7939e-06
8.8400e+03,8.8033e-06
8.8500e+03,8.8115e-06
8.8600e+03,8.8188e-06
8.8700e+03,8.8261e-06
8.8800e+03,8.8343e-06
8.8900e+03,8.8441e-06
8.9000e+03,8.8554e-06
8.9100e+03,8.8678e-06
8.9200e+03,8.8800e-06
8.9300e+03,8.8908e-06
8.9400e+03,8.8986e-06
8.9500e+03,8.9025e-06
8.9600e+03,8.9025e-06
8.9700e+03,8.8990e-06
8.9800e+03,8.8935e-06
8.9900e+03,8.8885e-06
9.0000e+03,8.8865e-06
9.0100e+03,8.8906e-06
9.0200e+03,8.9034e-06
9.0300e+03,8.9265e-06
9.0400e+03,8.9610e-06
9.0500e+03,9.0071e-06
9.0600e+03,9.0646e-06
9.0700e+03,9.1331e-06
9.0800e+03,9.2120e-06
9.0900e+03,9.2997e-06
9.1000e+03,9.3938e-06
9.1100e+03,9.4907e-06
9.1200e+03,9.5855e-06
9.1300e+03,9.6733e-06
9.1400e+03,9.7496e-06
9.1500e+03,9.8120e-06
9.1600e+03,9.8604e-06
9.1700e+03,9.8970e-06
9.1800e+03,9.9252e-06
9.1900e+03,9.9487e-06
9.2000e+03,9.9705e-06
9.2100e+03,9.9923e-06
9.2200e+03,1.0014e-05
9.2300e+03,1.0036e-05
9.2400e+03,1.0055e-05
9.2500e+03,1.0071e-05
9.2600e+03,1.0081e-05
9.2700e+03,1.0084e-05
9.2800e+03,1.0081e-05
9.2900e+03,1.0073e-05
9.3000e+03,1.0059e-05
9.3100e+03,1.0041e-05
9.3200e+03,1.0021e-05
9.3300e+03,1.0000e-05
9.3400e+03,9.9787e-06
9.3500e+03,9.9584e-06
9.3600e+03,9.9397e-06
9.3700e+03,9.9231e-06
9.3800e+03,9.9089e-06
9.3900e+03,9.8972e-06
9.4000e+03,9.8879e-06
9.4100e+03,9.8808e-06
9.4200e+03,9.8756e-06
9.4300e+03,9.8722e-06
9.4400e+03,9.8702e-06
9.4500e+03,9.8694e-06
9.4600e+03,9.8695e-06
9.4700e+03,9.8700e-06
9.4800e+03,9.8706e-06
9.4900e+03,9.8708e-06
9.5000e+03,9.8701e-06
9.5100e+03,9.8682e-06
9.5200e+03,9.8649e-06
9.5300e+03,9.8602e-06
9.5400e+03,9.8541e-06
9.5500e+03,9.8466e-06
9.5600e+03,9.8377e-06
9.5700e+03,9.8271e-06
9.5800e+03,9.8139e-06
9.5900e+03,9.7976e-06
9.6000e+03,9.7772e-06
9.6100e+03,9.7522e-06
9.6200e+03,9.7222e-06
9.6300e+03,9.6872e-06
9.6400e+03,9.6474e-06
9.6500e+03,9.6034e-06
9.6600e+03,9.5559e-06
9.6700e+03,9.5060e-06
9.6800e+03,9.4554e-06
9.6900e+03,9.4062e-06
9.7000e+03,9.3604e-06
9.7100e+03,9.3199e-06
9.7200e+03,9.2858e-06
9.7300e+03,9.2588e-06
9.7400e+03,9.2386e-06
9.7500e+03,9.2252e-06
9.7600e+03,9.2181e-06
9.7700e+03,9.2175e-06
9.7800e+03,9.2233e-06
9.7900e+03,9.2356e-06
9.8000e+03,9.2541e-06
9.8100e+03,9.2780e-06
9.8200e+03,9.3054e-06
9.8300e+03,9.3343e-06
9.8400e+03,9.3620e-06
9.8500e+03,9.3859e-06
9.8600e+03,9.4040e-06
9.8700e+03,9.4151e-06
9.8800e+03,9.4187e-06
9.8900e+03,9.4154e-06
9.9000e+03,9.4063e-06
9.9100e+03,9.3929e-06
9.9200e+03,9.3768e-06
9.9300e+03,9.3593e-06
9.9400e+03,9.3416e-06
9.9500e+03,9.3246e-06
9.9600e+03,9.3088e-06
9.9700e+03,9.2944e-06
9.9800e+03,9.2815e-06
9.9900e+03,9.2700e-06
1.0000e+04,9.2598e-06
