# Time , Side-Flux
0.0000e+00,0.0000e+00
1.0000e+01,1.0013e-05
2.0000e+01,1.9215e-05
3.0000e+01,2.7048e-05
4.0000e+01,3.3307e-05
5.0000e+01,3.8064e-05
6.0000e+01,4.1540e-05
7.0000e+01,4.4003e-05
8.0000e+01,4.5702e-05
9.0000e+01,4.6848e-05
1.0000e+02,4.7603e-05
1.1000e+02,4.8090e-05
1.2000e+02,4.8399e-05
1.3000e+02,4.8592e-05
1.4000e+02,4.8711e-05
1.5000e+02,4.8786e-05
1.6000e+02,4.8834e-05
1.7000e+02,4.8867e-05
1.8000e+02,4.8891e-05
1.9000e+02,4.8911e-05
2.0000e+02,4.8929e-05
2.1000e+02,4.8945e-05
2.2000e+02,4.8961e-05
2.3000e+02,4.8975e-05
2.4000e+02,4.8988e-05
2.5000e+02,4.8999e-05
2.6000e+02,4.9009e-05
2.7000e+02,4.9018e-05
2.8000e+02,4.9025e-05
2.9000e+02,4.9032e-05
3.0000e+02,4.9037e-05
3.1000e+02,4.9042e-05
3.2000e+02,4.9047e-05
3.3000e+02,4.9051e-05
3.4000e+02,4.9056e-05
3.5000e+02,4.9061e-05
3.6000e+02,4.9067e-05
3.7000e+02,4.9073e-05
3.8000e+02,4.9079e-05
3.9000e+02,4.9083e-05
4.0000e+02,4.9085e-05
4.1000e+02,4.9087e-05
4.2000e+02,4.9090e-05
4.3000e+02,4.9092e-05
4.4000e+02,4.9094e-05
4.5000e+02,4.9095e-05
4.6000e+02,4.9096e-05
4.7000e+02,4.9095e-05
4.8000e+02,4.9093e-05
4.9000e+02,4.9092e-05
5.0000e+02,4.9091e-05
5.1000e+02,4.9089e-05
5.2000e+02,4.9088e-05
5.3000e+02,4.9086e-05
5.4000e+02,4.9084e-05
5.5000e+02,4.9082e-05
5.6000e+02,4.9078e-05
5.7000e+02,4.9073e-05
5.8000e+02,4.9066e-05
5.9000e+02,4.9053e-05
6.0000e+02,4.9034e-05
6.1000e+02,4.9006e-05
6.2000e+02,4.8967e-05
6.3000e+02,4.8916e-05
6.4000e+02,4.8853e-05
6.5000e+02,4.8774e-05
6.6000e+02,4.8679e-05
6.7000e+02,4.8568e-05
6.8000e+02,4.8445e-05
6.9000e+02,4.8313e-05
7.0000e+02,4.8176e-05
7.1000e+02,4.8036e-05
7.2000e+02,4.7893e-05
7.3000e+02,4.7748e-05
7.4000e+02,4.7606e-05
7.5000e+02,4.7476e-05
7.6000e+02,4.7368e-05
7.7000e+02,4.7290e-05
7.8000e+02,4.7245e-05
7.9000e+02,4.7225e-05
8.0000e+02,4.7217e-05
8.1000e+02,4.7203e-05
8.2000e+02,4.7171e-05
8.3000e+02,4.7116e-05
8.4000e+02,4.7048e-05
8.5000e+02,4.6981e-05
8.6000e+02,4.6932e-05
8.7000e+02,4.6911e-05
8.8000e+02,4.6918e-05
8.9000e+02,4.6946e-05
9.0000e+02,4.6977e-05
9.1000e+02,4.6991e-05
9.2000e+02,4.6966e-05
9.3000e+02,4.6885e-05
9.4000e+02,4.6744e-05
9.5000e+02,4.6549e-05
9.6000e+02,4.6319e-05
9.7000e+02,4.6079e-05
9.8000e+02,4.5864e-05
9.9000e+02,4.5705e-05
1.0000e+03,4.5625e-05
1.0100e+03,4.5630e-05
1.0200e+03,4.5701e-05
1.0300e+03,4.5804e-05
1.0400e+03,4.5897e-05
1.0500e+03,4.5941e-05
1.0600e+03,4.5910e-05
1.0700e+03,4.5789e-05
1.0800e+03,4.5579e-05
1.0900e+03,4.5295e-05
1.1000e+03,4.4965e-05
1.1100e+03,4.4627e-05
1.1200e+03,4.4320e-05
1.1300e+03,4.4073e-05
1.1400e+03,4.3899e-05
1.1500e+03,4.3800e-05
1.1600e+03,4.3765e-05
1.1700e+03,4.3778e-05
1.1800e+03,4.3820e-05
1.1900e+03,4.3876e-05
1.2000e+03,4.3934e-05
1.2100e+03,4.3981e-05
1.2200e+03,4.4010e-05
1.2300e+03,4.4014e-05
1.2400e+03,4.3986e-05
1.2500e+03,4.3924e-05
1.2600e+03,4.3834e-05
1.2700e+03,4.3726e-05
1.2800e+03,4.3614e-05
1.2900e+03,4.3512e-05
1.3000e+03,4.3430e-05
1.3100e+03,4.3371e-05
1.3200e+03,4.3330e-05
1.3300e+03,4.3303e-05
1.3400e+03,4.3280e-05
1.3500e+03,4.3253e-05
1.3600e+03,4.3217e-05
1.3700e+03,4.3174e-05
1.3800e+03,4.3130e-05
1.3900e+03,4.3092e-05
1.4000e+03,4.3065e-05
1.4100e+03,4.3050e-05
1.4200e+03,4.3042e-05
1.4300e+03,4.3039e-05
1.4400e+03,4.3037e-05
1.4500e+03,4.3034e-05
1.4600e+03,4.3027e-05
1.4700e+03,4.3017e-05
1.4800e+03,4.3003e-05
1.4900e+03,4.2989e-05
1.5000e+03,4.2974e-05
1.5100e+03,4.2962e-05
1.5200e+03,4.2953e-05
1.5300e+03,4.2948e-05
1.5400e+03,4.2947e-05
1.5500e+03,4.2949e-05
1.5600e+03,4.2951e-05
1.5700e+03,4.2952e-05
1.5800e+03,4.2952e-05
1.5900e+03,4.2950e-05
1.6000e+03,4.2948e-05
1.6100e+03,4.2946e-05
1.6200e+03,4.2944e-05
1.6300e+03,4.2940e-05
1.6400e+03,4.2928e-05
1.6500e+03,4.2906e-05
1.6600e+03,4.2876e-05
1.6700e+03,4.2840e-05
1.6800e+03,4.2804e-05
1.6900e+03,4.2771e-05
1.7000e+03,4.2743e-05
1.7100e+03,4.2718e-05
1.7200e+03,4.2694e-05
1.7300e+03,4.2669e-05
1.7400e+03,4.2647e-05
1.7500e+03,4.2632e-05
1.7600e+03,4.2628e-05
1.7700e+03,4.2637e-05
1.7800e+03,4.2657e-05
1.7900e+03,4.2681e-05
1.8000e+03,4.2698e-05
1.8100e+03,4.2695e-05
1.8200e+03,4.2663e-05
1.8300e+03,4.2597e-05
1.8400e+03,4.2502e-05
1.8500e+03,4.2387e-05
1.8600e+03,4.2264e-05
1.8700e+03,4.2145e-05
1.8800e+03,4.2037e-05
1.8900e+03,4.1942e-05
1.9000e+03,4.1859e-05
1.9100e+03,4.1785e-05
1.9200e+03,4.1715e-05
1.9300e+03,4.1651e-05
1.9400e+03,4.1591e-05
1.9500e+03,4.1540e-05
1.9600e+03,4.1502e-05
1.9700e+03,4.1479e-05
1.9800e+03,4.1475e-05
1.9900e+03,4.1488e-05
2.0000e+03,4.1513e-05
2.0100e+03,4.1543e-05
2.0200e+03,4.1567e-05
2.0300e+03,4.1579e-05
2.0400e+03,4.1576e-05
2.0500e+03,4.1557e-05
2.0600e+03,4.1522e-05
2.0700e+03,4.1473e-05
2.0800e+03,4.1411e-05
2.0900e+03,4.1340e-05
2.1000e+03,4.1260e-05
2.1100e+03,4.1172e-05
2.1200e+03,4.1075e-05
2.1300e+03,4.0964e-05
2.1400e+03,4.0832e-05
2.1500e+03,4.0671e-05
2.1600e+03,4.0479e-05
2.1700e+03,4.0258e-05
2.1800e+03,4.0015e-05
2.1900e+03,3.9761e-05
2.2000e+03,3.9514e-05
2.2100e+03,3.9290e-05
2.2200e+03,3.9100e-05
2.2300e+03,3.8945e-05
2.2400e+03,3.8820e-05
2.2500e+03,3.8717e-05
2.2600e+03,3.8634e-05
2.2700e+03,3.8573e-05
2.2800e+03,3.8539e-05
2.2900e+03,3.8534e-05
2.3000e+03,3.8549e-05
2.3100e+03,3.8573e-05
2.3200e+03,3.8594e-05
2.3300e+03,3.8603e-05
2.3400e+03,3.8593e-05
2.3500e+03,3.8563e-05
2.3600e+03,3.8517e-05
2.3700e+03,3.8460e-05
2.3800e+03,3.8399e-05
2.3900e+03,3.8340e-05
2.4000e+03,3.8288e-05
2.4100e+03,3.8247e-05
2.4200e+03,3.8221e-05
2.4300e+03,3.8211e-05
2.4400e+03,3.8215e-05
2.4500e+03,3.8232e-05
2.4600e+03,3.8255e-05
2.4700e+03,3.8276e-05
2.4800e+03,3.8288e-05
2.4900e+03,3.8288e-05
2.5000e+03,3.8279e-05
2.5100e+03,3.8265e-05
2.5200e+03,3.8249e-05
2.5300e+03,3.8232e-05
2.5400e+03,3.8215e-05
2.5500e+03,3.8195e-05
2.5600e+03,3.8174e-05
2.5700e+03,3.8151e-05
2.5800e+03,3.8126e-05
2.5900e+03,3.8101e-05
2.6000e+03,3.8078e-05
2.6100e+03,3.8057e-05
2.6200e+03,3.8036e-05
2.6300e+03,3.8016e-05
2.6400e+03,3.7994e-05
2.6500e+03,3.7971e-05
2.6600e+03,3.7944e-05
2.6700e+03,3.7912e-05
2.6800e+03,3.7876e-05
2.6900e+03,3.7834e-05
2.7000e+03,3.7786e-05
2.7100e+03,3.7734e-05
2.7200e+03,3.7676e-05
2.7300e+03,3.7617e-05
2.7400e+03,3.7561e-05
2.7500e+03,3.7513e-05
2.7600e+03,3.7481e-05
2.7700e+03,3.7466e-05
2.7800e+03,3.7465e-05
2.7900e+03,3.7472e-05
2.8000e+03,3.7475e-05
2.8100e+03,3.7468e-05
2.8200e+03,3.7445e-05
2.8300e+03,3.7407e-05
2.8400e+03,3.7355e-05
2.8500e+03,3.7292e-05
2.8600e+03,3.7218e-05
2.8700e+03,3.7134e-05
2.8800e+03,3.7041e-05
2.8900e+03,3.6935e-05
2.9000e+03,3.6814e-05
2.9100e+03,3.6676e-05
2.9200e+03,3.6522e-05
2.9300e+03,3.6360e-05
2.9400e+03,3.6201e-05
2.9500e+03,3.6057e-05
2.9600e+03,3.5934e-05
2.9700e+03,3.5831e-05
2.9800e+03,3.5737e-05
2.9900e+03,3.5640e-05
3.0000e+03,3.5525e-05
3.0100e+03,3.5391e-05
3.0200e+03,3.5244e-05
3.0300e+03,3.5107e-05
3.0400e+03,3.5002e-05
3.0500e+03,3.4950e-05
3.0600e+03,3.4960e-05
3.0700e+03,3.5030e-05
3.0800e+03,3.5142e-05
3.0900e+03,3.5261e-05
3.1000e+03,3.5349e-05
3.1100e+03,3.5376e-05
3.1200e+03,3.5334e-05
3.1300e+03,3.5237e-05
3.1400e+03,3.5109e-05
3.1500e+03,3.4978e-05
3.1600e+03,3.4863e-05
3.1700e+03,3.4776e-05
3.1800e+03,3.4720e-05
3.1900e+03,3.4693e-05
3.2000e+03,3.4688e-05
3.2100e+03,3.4695e-05
3.2200e+03,3.4707e-05
3.2300e+03,3.4718e-05
3.2400e+03,3.4726e-05
3.2500e+03,3.4729e-05
3.2600e+03,3.4727e-05
3.2700e+03,3.4718e-05
3.2800e+03,3.4699e-05
3.2900e+03,3.4673e-05
3.3000e+03,3.4639e-05
3.3100e+03,3.4600e-05
3.3200e+03,3.4558e-05
3.3300e+03,3.4517e-05
3.3400e+03,3.4481e-05
3.3500e+03,3.4452e-05
3.3600e+03,3.4433e-05
3.3700e+03,3.4427e-05
3.3800e+03,3.4434e-05
3.3900e+03,3.4448e-05
3.4000e+03,3.4464e-05
3.4100e+03,3.4472e-05
3.4200e+03,3.4466e-05
3.4300e+03,3.4441e-05
3.4400e+03,3.4397e-05
3.4500e+03,3.4339e-05
3.4600e+03,3.4275e-05
3.4700e+03,3.4212e-05
3.4800e+03,3.4153e-05
3.4900e+03,3.4094e-05
3.5000e+03,3.4033e-05
3.5100e+03,3.3966e-05
3.5200e+03,3.3897e-05
3.5300e+03,3.3833e-05
3.5400e+03,3.3780e-05
3.5500e+03,3.3741e-05
3.5600e+03,3.3718e-05
3.5700e+03,3.3708e-05
3.5800e+03,3.3708e-05
3.5900e+03,3.3714e-05
3.6000e+03,3.3721e-05
3.6100e+03,3.3727e-05
3.6200e+03,3.3727e-05
3.6300e+03,3.3722e-05
3.6400e+03,3.3712e-05
3.6500e+03,3.3699e-05
3.6600e+03,3.3685e-05
3.6700e+03,3.3671e-05
3.6800e+03,3.3657e-05
3.6900e+03,3.3643e-05
3.7000e+03,3.3627e-05
3.7100e+03,3.3608e-05
3.7200e+03,3.3585e-05
3.7300e+03,3.3559e-05
3.7400e+03,3.3530e-05
3.7500e+03,3.3499e-05
3.7600e+03,3.3474e-05
3.7700e+03,3.3459e-05
3.7800e+03,3.3461e-05
3.7900e+03,3.3479e-05
3.8000e+03,3.3511e-05
3.8100e+03,3.3547e-05
3.8200e+03,3.3581e-05
3.8300e+03,3.3603e-05
3.8400e+03,3.3610e-05
3.8500e+03,3.3602e-05
3.8600e+03,3.3583e-05
3.8700e+03,3.3556e-05
3.8800e+03,3.3523e-05
3.8900e+03,3.3480e-05
3.9000e+03,3.3413e-05
3.9100e+03,3.3307e-05
3.9200e+03,3.3151e-05
3.9300e+03,3.2943e-05
3.9400e+03,3.2700e-05
3.9500e+03,3.2447e-05
3.9600e+03,3.2220e-05
3.9700e+03,3.2051e-05
3.9800e+03,3.1963e-05
3.9900e+03,3.1963e-05
4.0000e+03,3.2038e-05
4.0100e+03,3.2158e-05
4.0200e+03,3.2285e-05
4.0300e+03,3.2386e-05
4.0400e+03,3.2438e-05
4.0500e+03,3.2435e-05
4.0600e+03,3.2383e-05
4.0700e+03,3.2298e-05
4.0800e+03,3.2202e-05
4.0900e+03,3.2113e-05
4.1000e+03,3.2042e-05
4.1100e+03,3.1988e-05
4.1200e+03,3.1936e-05
4.1300e+03,3.1864e-05
4.1400e+03,3.1754e-05
4.1500e+03,3.1599e-05
4.1600e+03,3.1407e-05
4.1700e+03,3.1195e-05
4.1800e+03,3.0981e-05
4.1900e+03,3.0785e-05
4.2000e+03,3.0617e-05
4.2100e+03,3.0483e-05
4.2200e+03,3.0382e-05
4.2300e+03,3.0312e-05
4.2400e+03,3.0266e-05
4.2500e+03,3.0238e-05
4.2600e+03,3.0222e-05
4.2700e+03,3.0214e-05
4.2800e+03,3.0208e-05
4.2900e+03,3.0200e-05
4.3000e+03,3.0187e-05
4.3100e+03,3.0167e-05
4.3200e+03,3.0139e-05
4.3300e+03,3.0105e-05
4.3400e+03,3.0066e-05
4.3500e+03,3.0026e-05
4.3600e+03,2.9989e-05
4.3700e+03,2.9957e-05
4.3800e+03,2.9931e-05
4.3900e+03,2.9909e-05
4.4000e+03,2.9884e-05
4.4100e+03,2.9844e-05
4.4200e+03,2.9781e-05
4.4300e+03,2.9688e-05
4.4400e+03,2.9567e-05
4.4500e+03,2.9421e-05
4.4600e+03,2.9260e-05
4.4700e+03,2.9097e-05
4.4800e+03,2.8945e-05
4.4900e+03,2.8818e-05
4.5000e+03,2.8725e-05
4.5100e+03,2.8672e-05
4.5200e+03,2.8658e-05
4.5300e+03,2.8678e-05
4.5400e+03,2.8726e-05
4.5500e+03,2.8791e-05
4.5600e+03,2.8862e-05
4.5700e+03,2.8930e-05
4.5800e+03,2.8988e-05
4.5900e+03,2.9033e-05
4.6000e+03,2.9067e-05
4.6100e+03,2.9091e-05
4.6200e+03,2.9112e-05
4.6300e+03,2.9131e-05
4.6400e+03,2.9149e-05
4.6500e+03,2.9166e-05
4.6600e+03,2.9175e-05
4.6700e+03,2.9175e-05
4.6800e+03,2.9163e-05
4.6900e+03,2.9141e-05
4.7000e+03,2.9110e-05
4.7100e+03,2.9075e-05
4.7200e+03,2.9041e-05
4.7300e+03,2.9014e-05
4.7400e+03,2.9001e-05
4.7500e+03,2.9000e-05
4.7600e+03,2.9013e-05
4.7700e+03,2.9034e-05
4.7800e+03,2.9060e-05
4.7900e+03,2.9088e-05
4.8000e+03,2.9114e-05
4.8100e+03,2.9135e-05
4.8200e+03,2.9148e-05
4.8300e+03,2.9152e-05
4.8400e+03,2.9148e-05
4.8500e+03,2.9137e-05
4.8600e+03,2.9121e-05
4.8700e+03,2.9105e-05
4.8800e+03,2.9093e-05
4.8900e+03,2.9090e-05
4.9000e+03,2.9097e-05
4.9100e+03,2.9117e-05
4.9200e+03,2.9146e-05
4.9300e+03,2.9180e-05
4.9400e+03,2.9214e-05
4.9500e+03,2.9252e-05
4.9600e+03,2.9297e-05
4.9700e+03,2.9362e-05
4.9800e+03,2.9459e-05
4.9900e+03,2.9603e-05
5.0000e+03,2.9803e-05
5.0100e+03,3.0058e-05
5.0200e+03,3.0352e-05
5.0300e+03,3.0659e-05
5.0400e+03,3.0948e-05
5.0500e+03,3.1195e-05
5.0600e+03,3.1382e-05
5.0700e+03,3.1499e-05
5.0800e+03,3.1535e-05
5.0900e+03,3.1482e-05
5.1000e+03,3.1336e-05
5.1100e+03,3.1104e-05
5.1200e+03,3.0796e-05
5.1300e+03,3.0418e-05
5.1400e+03,2.9970e-05
5.1500e+03,2.9450e-05
5.1600e+03,2.8866e-05
5.1700e+03,2.8241e-05
5.1800e+03,2.7604e-05
5.1900e+03,2.6991e-05
5.2000e+03,2.6431e-05
5.2100e+03,2.5945e-05
5.2200e+03,2.5540e-05
5.2300e+03,2.5217e-05
5.2400e+03,2.4967e-05
5.2500e+03,2.4782e-05
5.2600e+03,2.4653e-05
5.2700e+03,2.4575e-05
5.2800e+03,2.4541e-05
5.2900e+03,2.4539e-05
5.3000e+03,2.4555e-05
5.3100e+03,2.4569e-05
5.3200e+03,2.4561e-05
5.3300e+03,2.4521e-05
5.3400e+03,2.4452e-05
5.3500e+03,2.4372e-05
5.3600e+03,2.4306e-05
5.3700e+03,2.4274e-05
5.3800e+03,2.4286e-05
5.3900e+03,2.4345e-05
5.4000e+03,2.4448e-05
5.4100e+03,2.4586e-05
5.4200e+03,2.4747e-05
5.4300e+03,2.4920e-05
5.4400e+03,2.5094e-05
5.4500e+03,2.5258e-05
5.4600e+03,2.5398e-05
5.4700e+03,2.5504e-05
5.4800e+03,2.5572e-05
5.4900e+03,2.5606e-05
5.5000e+03,2.5614e-05
5.5100e+03,2.5605e-05
5.5200e+03,2.5587e-05
5.5300e+03,2.5560e-05
5.5400e+03,2.5524e-05
5.5500e+03,2.5476e-05
5.5600e+03,2.5414e-05
5.5700e+03,2.5339e-05
5.5800e+03,2.5253e-05
5.5900e+03,2.5159e-05
5.6000e+03,2.5060e-05
5.6100e+03,2.4955e-05
5.6200e+03,2.4846e-05
5.6300e+03,2.4734e-05
5.6400e+03,2.4620e-05
5.6500e+03,2.4508e-05
5.6600e+03,2.4403e-05
5.6700e+03,2.4311e-05
5.6800e+03,2.4237e-05
5.6900e+03,2.4187e-05
5.7000e+03,2.4163e-05
5.7100e+03,2.4160e-05
5.7200e+03,2.4174e-05
5.7300e+03,2.4198e-05
5.7400e+03,2.4231e-05
5.7500e+03,2.4275e-05
5.7600e+03,2.4334e-05
5.7700e+03,2.4412e-05
5.7800e+03,2.4506e-05
5.7900e+03,2.4612e-05
5.8000e+03,2.4723e-05
5.8100e+03,2.4838e-05
5.8200e+03,2.4953e-05
5.8300e+03,2.5068e-05
5.8400e+03,2.5177e-05
5.8500e+03,2.5274e-05
5.8600e+03,2.5351e-05
5.8700e+03,2.5405e-05
5.8800e+03,2.5437e-05
5.8900e+03,2.5451e-05
5.9000e+03,2.5452e-05
5.9100e+03,2.5443e-05
5.9200e+03,2.5426e-05
5.9300e+03,2.5399e-05
5.9400e+03,2.5360e-05
5.9500e+03,2.5311e-05
5.9600e+03,2.5252e-05
5.9700e+03,2.5188e-05
5.9800e+03,2.5126e-05
5.9900e+03,2.5074e-05
6.0000e+03,2.5040e-05
6.0100e+03,2.5027e-05
6.0200e+03,2.5039e-05
6.0300e+03,2.5075e-05
6.0400e+03,2.5133e-05
6.0500e+03,2.5211e-05
6.0600e+03,2.5308e-05
6.0700e+03,2.5419e-05
6.0800e+03,2.5537e-05
6.0900e+03,2.5654e-05
6.1000e+03,2.5761e-05
6.1100e+03,2.5856e-05
6.1200e+03,2.5940e-05
6.1300e+03,2.6020e-05
6.1400e+03,2.6101e-05
6.1500e+03,2.6183e-05
6.1600e+03,2.6262e-05
6.1700e+03,2.6332e-05
6.1800e+03,2.6392e-05
6.1900e+03,2.6441e-05
6.2000e+03,2.6478e-05
6.2100e+03,2.6503e-05
6.2200e+03,2.6518e-05
6.2300e+03,2.6528e-05
6.2400e+03,2.6548e-05
6.2500e+03,2.6592e-05
6.2600e+03,2.6673e-05
6.2700e+03,2.6798e-05
6.2800e+03,2.6966e-05
6.2900e+03,2.7167e-05
6.3000e+03,2.7385e-05
6.3100e+03,2.7604e-05
6.3200e+03,2.7814e-05
6.3300e+03,2.8013e-05
6.3400e+03,2.8200e-05
6.3500e+03,2.8375e-05
6.3600e+03,2.8537e-05
6.3700e+03,2.8680e-05
6.3800e+03,2.8797e-05
6.3900e+03,2.8883e-05
6.4000e+03,2.8935e-05
6.4100e+03,2.8952e-05
6.4200e+03,2.8939e-05
6.4300e+03,2.8899e-05
6.4400e+03,2.8841e-05
6.4500e+03,2.8775e-05
6.4600e+03,2.8712e-05
6.4700e+03,2.8661e-05
6.4800e+03,2.8634e-05
6.4900e+03,2.8640e-05
6.5000e+03,2.8691e-05
6.5100e+03,2.8797e-05
6.5200e+03,2.8960e-05
6.5300e+03,2.9173e-05
6.5400e+03,2.9420e-05
6.5500e+03,2.9681e-05
6.5600e+03,2.9934e-05
6.5700e+03,3.0160e-05
6.5800e+03,3.0340e-05
6.5900e+03,3.0465e-05
6.6000e+03,3.0533e-05
6.6100e+03,3.0552e-05
6.6200e+03,3.0533e-05
6.6300e+03,3.0489e-05
6.6400e+03,3.0432e-05
6.6500e+03,3.0374e-05
6.6600e+03,3.0320e-05
6.6700e+03,3.0276e-05
6.6800e+03,3.0243e-05
6.6900e+03,3.0220e-05
6.7000e+03,3.0208e-05
6.7100e+03,3.0204e-05
6.7200e+03,3.0205e-05
6.7300e+03,3.0211e-05
6.7400e+03,3.0219e-05
6.7500e+03,3.0226e-05
6.7600e+03,3.0234e-05
6.7700e+03,3.0240e-05
6.7800e+03,3.0242e-05
6.7900e+03,3.0234e-05
6.8000e+03,3.0209e-05
6.8100e+03,3.0159e-05
6.8200e+03,3.0080e-05
6.8300e+03,2.9970e-05
6.8400e+03,2.9838e-05
6.8500e+03,2.9694e-05
6.8600e+03,2.9553e-05
6.8700e+03,2.9422e-05
6.8800e+03,2.9305e-05
6.8900e+03,2.9193e-05
6.9000e+03,2.9075e-05
6.9100e+03,2.8941e-05
6.9200e+03,2.8785e-05
6.9300e+03,2.8609e-05
6.9400e+03,2.8417e-05
6.9500e+03,2.8218e-05
6.9600e+03,2.8018e-05
6.9700e+03,2.7820e-05
6.9800e+03,2.7630e-05
6.9900e+03,2.7450e-05
7.0000e+03,2.7286e-05
7.0100e+03,2.7141e-05
7.0200e+03,2.7020e-05
7.0300e+03,2.6923e-05
7.0400e+03,2.6849e-05
7.0500e+03,2.6796e-05
7.0600e+03,2.6760e-05
7.0700e+03,2.6734e-05
7.0800e+03,2.6716e-05
7.0900e+03,2.6701e-05
7.1000e+03,2.6688e-05
7.1100e+03,2.6676e-05
7.1200e+03,2.6662e-05
7.1300e+03,2.6644e-05
7.1400e+03,2.6618e-05
7.1500e+03,2.6582e-05
7.1600e+03,2.6541e-05
7.1700e+03,2.6506e-05
7.1800e+03,2.6495e-05
7.1900e+03,2.6526e-05
7.2000e+03,2.6611e-05
7.2100e+03,2.6752e-05
7.2200e+03,2.6935e-05
7.2300e+03,2.7138e-05
7.2400e+03,2.7341e-05
7.2500e+03,2.7527e-05
7.2600e+03,2.7691e-05
7.2700e+03,2.7834e-05
7.2800e+03,2.7964e-05
7.2900e+03,2.8090e-05
7.3000e+03,2.8216e-05
7.3100e+03,2.8335e-05
7.3200e+03,2.8436e-05
7.3300e+03,2.8503e-05
7.3400e+03,2.8522e-05
7.3500e+03,2.8490e-05
7.3600e+03,2.8415e-05
7.3700e+03,2.8314e-05
7.3800e+03,2.8206e-05
7.3900e+03,2.8107e-05
7.4000e+03,2.8026e-05
7.4100e+03,2.7966e-05
7.4200e+03,2.7926e-05
7.4300e+03,2.7896e-05
7.4400e+03,2.7862e-05
7.4500e+03,2.7807e-05
7.4600e+03,2.7718e-05
7.4700e+03,2.7587e-05
7.4800e+03,2.7414e-05
7.4900e+03,2.7200e-05
7.5000e+03,2.6950e-05
7.5100e+03,2.6666e-05
7.5200e+03,2.6348e-05
7.5300e+03,2.5994e-05
7.5400e+03,2.5611e-05
7.5500e+03,2.5221e-05
7.5600e+03,2.4858e-05
7.5700e+03,2.4561e-05
7.5800e+03,2.4357e-05
7.5900e+03,2.4248e-05
7.6000e+03,2.4214e-05
7.6100e+03,2.4224e-05
7.6200e+03,2.4249e-05
7.6300e+03,2.4271e-05
7.6400e+03,2.4280e-05
7.6500e+03,2.4269e-05
7.6600e+03,2.4234e-05
7.6700e+03,2.4172e-05
7.6800e+03,2.4088e-05
7.6900e+03,2.3989e-05
7.7000e+03,2.3886e-05
7.7100e+03,2.3788e-05
7.7200e+03,2.3708e-05
7.7300e+03,2.3651e-05
7.7400e+03,2.3623e-05
7.7500e+03,2.3620e-05
7.7600e+03,2.3632e-05
7.7700e+03,2.3651e-05
7.7800e+03,2.3668e-05
7.7900e+03,2.3679e-05
7.8000e+03,2.3684e-05
7.8100e+03,2.3686e-05
7.8200e+03,2.3687e-05
7.8300e+03,2.3689e-05
7.8400e+03,2.3689e-05
7.8500e+03,2.3685e-05
7.8600e+03,2.3674e-05
7.8700e+03,2.3655e-05
7.8800e+03,2.3628e-05
7.8900e+03,2.3596e-05
7.9000e+03,2.3559e-05
7.9100e+03,2.3517e-05
7.9200e+03,2.3471e-05
7.9300e+03,2.3419e-05
7.9400e+03,2.3362e-05
7.9500e+03,2.3298e-05
7.9600e+03,2.3228e-05
7.9700e+03,2.3151e-05
7.9800e+03,2.3066e-05
7.9900e+03,2.2973e-05
8.0000e+03,2.2870e-05
8.0100e+03,2.2760e-05
8.0200e+03,2.2644e-05
8.0300e+03,2.2530e-05
8.0400e+03,2.2423e-05
8.0500e+03,2.2328e-05
8.0600e+03,2.2250e-05
8.0700e+03,2.2188e-05
8.0800e+03,2.2142e-05
8.0900e+03,2.2109e-05
8.1000e+03,2.2084e-05
8.1100e+03,2.2058e-05
8.1200e+03,2.2022e-05
8.1300e+03,2.1968e-05
8.1400e+03,2.1892e-05
8.1500e+03,2.1796e-05
8.1600e+03,2.1683e-05
8.1700e+03,2.1561e-05
8.1800e+03,2.1441e-05
8.1900e+03,2.1336e-05
8.2000e+03,2.1256e-05
8.2100e+03,2.1210e-05
8.2200e+03,2.1194e-05
8.2300e+03,2.1203e-05
8.2400e+03,2.1225e-05
8.2500e+03,2.1253e-05
8.2600e+03,2.1285e-05
8.2700e+03,2.1320e-05
8.2800e+03,2.1361e-05
8.2900e+03,2.1403e-05
8.3000e+03,2.1442e-05
8.3100e+03,2.1466e-05
8.3200e+03,2.1464e-05
8.3300e+03,2.1430e-05
8.3400e+03,2.1363e-05
8.3500e+03,2.1269e-05
8.3600e+03,2.1162e-05
8.3700e+03,2.1056e-05
8.3800e+03,2.0959e-05
8.3900e+03,2.0873e-05
8.4000e+03,2.0797e-05
8.4100e+03,2.0727e-05
8.4200e+03,2.0657e-05
8.4300e+03,2.0588e-05
8.4400e+03,2.0519e-05
8.4500e+03,2.0451e-05
8.4600e+03,2.0384e-05
8.4700e+03,2.0315e-05
8.4800e+03,2.0243e-05
8.4900e+03,2.0168e-05
8.5000e+03,2.0090e-05
8.5100e+03,2.0013e-05
8.5200e+03,1.9941e-05
8.5300e+03,1.9881e-05
8.5400e+03,1.9833e-05
8.5500e+03,1.9800e-05
8.5600e+03,1.9778e-05
8.5700e+03,1.9762e-05
8.5800e+03,1.9749e-05
8.5900e+03,1.9741e-05
8.6000e+03,1.9744e-05
8.6100e+03,1.9769e-05
8.6200e+03,1.9824e-05
8.6300e+03,1.9910e-05
8.6400e+03,2.0025e-05
8.6500e+03,2.0161e-05
8.6600e+03,2.0303e-05
8.6700e+03,2.0431e-05
8.6800e+03,2.0522e-05
8.6900e+03,2.0553e-05
8.7000e+03,2.0511e-05
8.7100e+03,2.0392e-05
8.7200e+03,2.0209e-05
8.7300e+03,1.9984e-05
8.7400e+03,1.9747e-05
8.7500e+03,1.9528e-05
8.7600e+03,1.9352e-05
8.7700e+03,1.9231e-05
8.7800e+03,1.9164e-05
8.7900e+03,1.9144e-05
8.8000e+03,1.9159e-05
8.8100e+03,1.9192e-05
8.8200e+03,1.9230e-05
8.8300e+03,1.9261e-05
8.8400e+03,1.9279e-05
8.8500e+03,1.9284e-05
8.8600e+03,1.9280e-05
8.8700e+03,1.9274e-05
8.8800e+03,1.9273e-05
8.8900e+03,1.9281e-05
8.9000e+03,1.9300e-05
8.9100e+03,1.9329e-05
8.9200e+03,1.9361e-05
8.9300e+03,1.9390e-05
8.9400e+03,1.9410e-05
8.9500e+03,1.9415e-05
8.9600e+03,1.9406e-05
8.9700e+03,1.9384e-05
8.9800e+03,1.9355e-05
8.9900e+03,1.9327e-05
9.0000e+03,1.9312e-05
9.0100e+03,1.9322e-05
9.0200e+03,1.9364e-05
9.0300e+03,1.9441e-05
9.0400e+03,1.9548e-05
9.0500e+03,1.9679e-05
9.0600e+03,1.9832e-05
9.0700e+03,2.0009e-05
9.0800e+03,2.0216e-05
9.0900e+03,2.0460e-05
9.1000e+03,2.0740e-05
9.1100e+03,2.1044e-05
9.1200e+03,2.1348e-05
9.1300e+03,2.1619e-05
9.1400e+03,2.1828e-05
9.1500e+03,2.1956e-05
9.1600e+03,2.2004e-05
9.1700e+03,2.1994e-05
9.1800e+03,2.1956e-05
9.1900e+03,2.1918e-05
9.2000e+03,2.1897e-05
9.2100e+03,2.1901e-05
9.2200e+03,2.1925e-05
9.2300e+03,2.1964e-05
9.2400e+03,2.2003e-05
9.2500e+03,2.2026e-05
9.2600e+03,2.2021e-05
9.2700e+03,2.1981e-05
9.2800e+03,2.1904e-05
9.2900e+03,2.1798e-05
9.3000e+03,2.1669e-05
9.3100e+03,2.1526e-05
9.3200e+03,2.1374e-05
9.3300e+03,2.1222e-05
9.3400e+03,2.1074e-05
9.3500e+03,2.0937e-05
9.3600e+03,2.0814e-05
9.3700e+03,2.0707e-05
9.3800e+03,2.0618e-05
9.3900e+03,2.0548e-05
9.4000e+03,2.0495e-05
9.4100e+03,2.0456e-05
9.4200e+03,2.0429e-05
9.4300e+03,2.0411e-05
9.4400e+03,2.0399e-05
9.4500e+03,2.0394e-05
9.4600e+03,2.0393e-05
9.4700e+03,2.0397e-05
9.4800e+03,2.0404e-05
9.4900e+03,2.0412e-05
9.5000e+03,2.0419e-05
9.5100e+03,2.0425e-05
9.5200e+03,2.0429e-05
9.5300e+03,2.0433e-05
9.5400e+03,2.0438e-05
9.5500e+03,2.0447e-05
9.5600e+03,2.0461e-05
9.5700e+03,2.0476e-05
9.5800e+03,2.0487e-05
9.5900e+03,2.0485e-05
9.6000e+03,2.0464e-05
9.6100e+03,2.0420e-05
9.6200e+03,2.0352e-05
9.6300e+03,2.0263e-05
9.6400e+03,2.0156e-05
9.6500e+03,2.0029e-05
9.6600e+03,1.9884e-05
9.6700e+03,1.9722e-05
9.6800e+03,1.9551e-05
9.6900e+03,1.9385e-05
9.7000e+03,1.9239e-05
9.7100e+03,1.9125e-05
9.7200e+03,1.9048e-05
9.7300e+03,1.9000e-05
9.7400e+03,1.8974e-05
9.7500e+03,1.8958e-05
9.7600e+03,1.8948e-05
9.7700e+03,1.8948e-05
9.7800e+03,1.8965e-05
9.7900e+03,1.9008e-05
9.8000e+03,1.9085e-05
9.8100e+03,1.9197e-05
9.8200e+03,1.9339e-05
9.8300e+03,1.9496e-05
9.8400e+03,1.9652e-05
9.8500e+03,1.9789e-05
9.8600e+03,1.9893e-05
9.8700e+03,1.9956e-05
9.8800e+03,1.9975e-05
9.8900e+03,1.9955e-05
9.9000e+03,1.9905e-05
9.9100e+03,1.9834e-05
9.9200e+03,1.9748e-05
9.9300e+03,1.9654e-05
9.9400e+03,1.9555e-05
9.9500e+03,1.9455e-05
9.9600e+03,1.9356e-05
9.9700e+03,1.9260e-05
9.9800e+03,1.9170e-05
9.9900e+03,1.9086e-05
1.0000e+04,1.9008e-05
