# Time , Side-Flux
0.0000e+00,0.0000e+00
1.0000e+01,1.8495e-13
2.0000e+01,3.6871e-13
3.0000e+01,5.5011e-13
4.0000e+01,7.2806e-13
5.0000e+01,9.0158e-13
6.0000e+01,1.0698e-12
7.0000e+01,1.2319e-12
8.0000e+01,1.3874e-12
9.0000e+01,1.5358e-12
1.0000e+02,1.6768e-12
1.1000e+02,1.8102e-12
1.2000e+02,1.9359e-12
1.3000e+02,2.0540e-12
1.4000e+02,2.1647e-12
1.5000e+02,2.2680e-12
1.6000e+02,2.3644e-12
1.7000e+02,2.4540e-12
1.8000e+02,2.5372e-12
1.9000e+02,2.6144e-12
2.0000e+02,2.6859e-12
2.1000e+02,2.7520e-12
2.2000e+02,2.8131e-12
2.3000e+02,2.8696e-12
2.4000e+02,2.9218e-12
2.5000e+02,2.9700e-12
2.6000e+02,3.0144e-12
2.7000e+02,3.0554e-12
2.8000e+02,3.0933e-12
2.9000e+02,3.1281e-12
3.0000e+02,3.1603e-12
3.1000e+02,3.1900e-12
3.2000e+02,3.2173e-12
3.3000e+02,3.2425e-12
3.4000e+02,3.2657e-12
3.5000e+02,3.2871e-12
3.6000e+02,3.3068e-12
3.7000e+02,3.3250e-12
3.8000e+02,3.3418e-12
3.9000e+02,3.3572e-12
4.0000e+02,3.3715e-12
4.1000e+02,3.3847e-12
4.2000e+02,3.3970e-12
4.3000e+02,3.4083e-12
4.4000e+02,3.4188e-12
4.5000e+02,3.4287e-12
4.6000e+02,3.4378e-12
4.7000e+02,3.4464e-12
4.8000e+02,3.4544e-12
4.9000e+02,3.4620e-12
5.0000e+02,3.4692e-12
5.1000e+02,3.4760e-12
5.2000e+02,3.4825e-12
5.3000e+02,3.4887e-12
5.4000e+02,3.4947e-12
5.5000e+02,3.5004e-12
5.6000e+02,3.5059e-12
5.7000e+02,3.5113e-12
5.8000e+02,3.5165e-12
5.9000e+02,3.5215e-12
6.0000e+02,3.5264e-12
6.1000e+02,3.5312e-12
6.2000e+02,3.5360e-12
6.3000e+02,3.5406e-12
6.4000e+02,3.5452e-12
6.5000e+02,3.5497e-12
6.6000e+02,3.5543e-12
6.7000e+02,3.5588e-12
6.8000e+02,3.5634e-12
6.9000e+02,3.5681e-12
7.0000e+02,3.5728e-12
7.1000e+02,3.5776e-12
7.2000e+02,3.5824e-12
7.3000e+02,3.5873e-12
7.4000e+02,3.5922e-12
7.5000e+02,3.5971e-12
7.6000e+02,3.6020e-12
7.7000e+02,3.6068e-12
7.8000e+02,3.6115e-12
7.9000e+02,3.6160e-12
8.0000e+02,3.6203e-12
8.1000e+02,3.6242e-12
8.2000e+02,3.6278e-12
8.3000e+02,3.6310e-12
8.4000e+02,3.6338e-12
8.5000e+02,3.6361e-12
8.6000e+02,3.6380e-12
8.7000e+02,3.6393e-12
8.8000e+02,3.6402e-12
8.9000e+02,3.6406e-12
9.0000e+02,3.6406e-12
9.1000e+02,3.6402e-12
9.2000e+02,3.6395e-12
9.3000e+02,3.6385e-12
9.4000e+02,3.6374e-12
9.5000e+02,3.6361e-12
9.6000e+02,3.6348e-12
9.7000e+02,3.6336e-12
9.8000e+02,3.6326e-12
9.9000e+02,3.6318e-12
1.0000e+03,3.6313e-12
1.0100e+03,3.6312e-12
1.0200e+03,3.6316e-12
1.0300e+03,3.6325e-12
1.0400e+03,3.6340e-12
1.0500e+03,3.6360e-12
1.0600e+03,3.6386e-12
1.0700e+03,3.6419e-12
1.0800e+03,3.6457e-12
1.0900e+03,3.6501e-12
1.1000e+03,3.6550e-12
1.1100e+03,3.6604e-12
1.1200e+03,3.6662e-12
1.1300e+03,3.6724e-12
1.1400e+03,3.6789e-12
1.1500e+03,3.6856e-12
1.1600e+03,3.6926e-12
1.1700e+03,3.6997e-12
1.1800e+03,3.7068e-12
1.1900e+03,3.7140e-12
1.2000e+03,3.7212e-12
1.2100e+03,3.7283e-12
1.2200e+03,3.7353e-12
1.2300e+03,3.7422e-12
1.2400e+03,3.7488e-12
1.2500e+03,3.7553e-12
1.2600e+03,3.7615e-12
1.2700e+03,3.7674e-12
1.2800e+03,3.7731e-12
1.2900e+03,3.7784e-12
1.3000e+03,3.7834e-12
1.3100e+03,3.7880e-12
1.3200e+03,3.7922e-12
1.3300e+03,3.7960e-12
1.3400e+03,3.7995e-12
1.3500e+03,3.8026e-12
1.3600e+03,3.8053e-12
1.3700e+03,3.8076e-12
1.3800e+03,3.8096e-12
1.3900e+03,3.8113e-12
1.4000e+03,3.8126e-12
1.4100e+03,3.8136e-12
1.4200e+03,3.8144e-12
1.4300e+03,3.8149e-12
1.4400e+03,3.8152e-12
1.4500e+03,3.8152e-12
1.4600e+03,3.8151e-12
1.4700e+03,3.8148e-12
1.4800e+03,3.8143e-12
1.4900e+03,3.8136e-12
1.5000e+03,3.8128e-12
1.5100e+03,3.8119e-12
1.5200e+03,3.8108e-12
1.5300e+03,3.8096e-12
1.5400e+03,3.8083e-12
1.5500e+03,3.8068e-12
1.5600e+03,3.8052e-12
1.5700e+03,3.8035e-12
1.5800e+03,3.8017e-12
1.5900e+03,3.7998e-12
1.6000e+03,3.7978e-12
1.6100e+03,3.7957e-12
1.6200e+03,3.7935e-12
1.6300e+03,3.7912e-12
1.6400e+03,3.7889e-12
1.6500e+03,3.7865e-12
1.6600e+03,3.7840e-12
1.6700e+03,3.7815e-12
1.6800e+03,3.7790e-12
1.6900e+03,3.7764e-12
1.7000e+03,3.7738e-12
1.7100e+03,3.7712e-12
1.7200e+03,3.7686e-12
1.7300e+03,3.7660e-12
1.7400e+03,3.7635e-12
1.7500e+03,3.7609e-12
1.7600e+03,3.7583e-12
1.7700e+03,3.7557e-12
1.7800e+03,3.7531e-12
1.7900e+03,3.7506e-12
1.8000e+03,3.7480e-12
1.8100e+03,3.7454e-12
1.8200e+03,3.7427e-12
1.8300e+03,3.7400e-12
1.8400e+03,3.7373e-12
1.8500e+03,3.7346e-12
1.8600e+03,3.7318e-12
1.8700e+03,3.7289e-12
1.8800e+03,3.7261e-12
1.8900e+03,3.7231e-12
1.9000e+03,3.7202e-12
1.9100e+03,3.7172e-12
1.9200e+03,3.7141e-12
1.9300e+03,3.7111e-12
1.9400e+03,3.7080e-12
1.9500e+03,3.7049e-12
1.9600e+03,3.7018e-12
1.9700e+03,3.6988e-12
1.9800e+03,3.6957e-12
1.9900e+03,3.6927e-12
2.0000e+03,3.6898e-12
2.0100e+03,3.6869e-12
2.0200e+03,3.6842e-12
2.0300e+03,3.6816e-12
2.0400e+03,3.6791e-12
2.0500e+03,3.6769e-12
2.0600e+03,3.6749e-12
2.0700e+03,3.6731e-12
2.0800e+03,3.6717e-12
2.0900e+03,3.6705e-12
2.1000e+03,3.6696e-12
2.1100e+03,3.6691e-12
2.1200e+03,3.6689e-12
2.1300e+03,3.6691e-12
2.1400e+03,3.6696e-12
2.1500e+03,3.6704e-12
2.1600e+03,3.6714e-12
2.1700e+03,3.6727e-12
2.1800e+03,3.6743e-12
2.1900e+03,3.6760e-12
2.2000e+03,3.6779e-12
2.2100e+03,3.6799e-12
2.2200e+03,3.6820e-12
2.2300e+03,3.6841e-12
2.2400e+03,3.6862e-12
2.2500e+03,3.6883e-12
2.2600e+03,3.6904e-12
2.2700e+03,3.6925e-12
2.2800e+03,3.6945e-12
2.2900e+03,3.6964e-12
2.3000e+03,3.6983e-12
2.3100e+03,3.7001e-12
2.3200e+03,3.7019e-12
2.3300e+03,3.7036e-12
2.3400e+03,3.7052e-12
2.3500e+03,3.7067e-12
2.3600e+03,3.7082e-12
2.3700e+03,3.7096e-12
2.3800e+03,3.7109e-12
2.3900e+03,3.7122e-12
2.4000e+03,3.7134e-12
2.4100e+03,3.7146e-12
2.4200e+03,3.7157e-12
2.4300e+03,3.7167e-12
2.4400e+03,3.7177e-12
2.4500e+03,3.7186e-12
2.4600e+03,3.7195e-12
2.4700e+03,3.7203e-12
2.4800e+03,3.7211e-12
2.4900e+03,3.7219e-12
2.5000e+03,3.7225e-12
2.5100e+03,3.7232e-12
2.5200e+03,3.7237e-12
2.5300e+03,3.7242e-12
2.5400e+03,3.7247e-12
2.5500e+03,3.7251e-12
2.5600e+03,3.7254e-12
2.5700e+03,3.7256e-12
2.5800e+03,3.7258e-12
2.5900e+03,3.7259e-12
2.6000e+03,3.7260e-12
2.6100e+03,3.7259e-12
2.6200e+03,3.7258e-12
2.6300e+03,3.7256e-12
2.6400e+03,3.7253e-12
2.6500e+03,3.7249e-12
2.6600e+03,3.7245e-12
2.6700e+03,3.7240e-12
2.6800e+03,3.7235e-12
2.6900e+03,3.7229e-12
2.7000e+03,3.7224e-12
2.7100e+03,3.7218e-12
2.7200e+03,3.7212e-12
2.7300e+03,3.7207e-12
2.7400e+03,3.7202e-12
2.7500e+03,3.7198e-12
2.7600e+03,3.7194e-12
2.7700e+03,3.7192e-12
2.7800e+03,3.7190e-12
2.7900e+03,3.7189e-12
2.8000e+03,3.7190e-12
2.8100e+03,3.7192e-12
2.8200e+03,3.7196e-12
2.8300e+03,3.7201e-12
2.8400e+03,3.7209e-12
2.8500e+03,3.7218e-12
2.8600e+03,3.7230e-12
2.8700e+03,3.7243e-12
2.8800e+03,3.7260e-12
2.8900e+03,3.7278e-12
2.9000e+03,3.7299e-12
2.9100e+03,3.7322e-12
2.9200e+03,3.7347e-12
2.9300e+03,3.7373e-12
2.9400e+03,3.7402e-12
2.9500e+03,3.7432e-12
2.9600e+03,3.7463e-12
2.9700e+03,3.7494e-12
2.9800e+03,3.7526e-12
2.9900e+03,3.7558e-12
3.0000e+03,3.7589e-12
3.0100e+03,3.7620e-12
3.0200e+03,3.7649e-12
3.0300e+03,3.7678e-12
3.0400e+03,3.7705e-12
3.0500e+03,3.7730e-12
3.0600e+03,3.7754e-12
3.0700e+03,3.7775e-12
3.0800e+03,3.7795e-12
3.0900e+03,3.7813e-12
3.1000e+03,3.7830e-12
3.1100e+03,3.7845e-12
3.1200e+03,3.7860e-12
3.1300e+03,3.7873e-12
3.1400e+03,3.7887e-12
3.1500e+03,3.7900e-12
3.1600e+03,3.7914e-12
3.1700e+03,3.7929e-12
3.1800e+03,3.7944e-12
3.1900e+03,3.7961e-12
3.2000e+03,3.7979e-12
3.2100e+03,3.7999e-12
3.2200e+03,3.8019e-12
3.2300e+03,3.8041e-12
3.2400e+03,3.8064e-12
3.2500e+03,3.8088e-12
3.2600e+03,3.8112e-12
3.2700e+03,3.8137e-12
3.2800e+03,3.8162e-12
3.2900e+03,3.8186e-12
3.3000e+03,3.8210e-12
3.3100e+03,3.8233e-12
3.3200e+03,3.8255e-12
3.3300e+03,3.8276e-12
3.3400e+03,3.8296e-12
3.3500e+03,3.8314e-12
3.3600e+03,3.8331e-12
3.3700e+03,3.8347e-12
3.3800e+03,3.8362e-12
3.3900e+03,3.8375e-12
3.4000e+03,3.8387e-12
3.4100e+03,3.8399e-12
3.4200e+03,3.8410e-12
3.4300e+03,3.8420e-12
3.4400e+03,3.8429e-12
3.4500e+03,3.8438e-12
3.4600e+03,3.8446e-12
3.4700e+03,3.8454e-12
3.4800e+03,3.8460e-12
3.4900e+03,3.8466e-12
3.5000e+03,3.8471e-12
3.5100e+03,3.8475e-12
3.5200e+03,3.8478e-12
3.5300e+03,3.8480e-12
3.5400e+03,3.8480e-12
3.5500e+03,3.8480e-12
3.5600e+03,3.8479e-12
3.5700e+03,3.8477e-12
3.5800e+03,3.8474e-12
3.5900e+03,3.8471e-12
3.6000e+03,3.8467e-12
3.6100e+03,3.8462e-12
3.6200e+03,3.8457e-12
3.6300e+03,3.8452e-12
3.6400e+03,3.8447e-12
3.6500e+03,3.8441e-12
3.6600e+03,3.8435e-12
3.6700e+03,3.8430e-12
3.6800e+03,3.8424e-12
3.6900e+03,3.8419e-12
3.7000e+03,3.8413e-12
3.7100e+03,3.8408e-12
3.7200e+03,3.8403e-12
3.7300e+03,3.8398e-12
3.7400e+03,3.8392e-12
3.7500e+03,3.8387e-12
3.7600e+03,3.8382e-12
3.7700e+03,3.8377e-12
3.7800e+03,3.8371e-12
3.7900e+03,3.8365e-12
3.8000e+03,3.8359e-12
3.8100e+03,3.8352e-12
3.8200e+03,3.8345e-12
3.8300e+03,3.8338e-12
3.8400e+03,3.8331e-12
3.8500e+03,3.8323e-12
3.8600e+03,3.8316e-12
3.8700e+03,3.8308e-12
3.8800e+03,3.8301e-12
3.8900e+03,3.8293e-12
3.9000e+03,3.8286e-12
3.9100e+03,3.8279e-12
3.9200e+03,3.8272e-12
3.9300e+03,3.8265e-12
3.9400e+03,3.8259e-12
3.9500e+03,3.8253e-12
3.9600e+03,3.8247e-12
3.9700e+03,3.8242e-12
3.9800e+03,3.8237e-12
3.9900e+03,3.8232e-12
4.0000e+03,3.8228e-12
4.0100e+03,3.8224e-12
4.0200e+03,3.8221e-12
4.0300e+03,3.8218e-12
4.0400e+03,3.8216e-12
4.0500e+03,3.8214e-12
4.0600e+03,3.8213e-12
4.0700e+03,3.8211e-12
4.0800e+03,3.8211e-12
4.0900e+03,3.8210e-12
4.1000e+03,3.8210e-12
4.1100e+03,3.8210e-12
4.1200e+03,3.8210e-12
4.1300e+03,3.8210e-12
4.1400e+03,3.8210e-12
4.1500e+03,3.8210e-12
4.1600e+03,3.8210e-12
4.1700e+03,3.8210e-12
4.1800e+03,3.8210e-12
4.1900e+03,3.8210e-12
4.2000e+03,3.8210e-12
4.2100e+03,3.8210e-12
4.2200e+03,3.8210e-12
4.2300e+03,3.8210e-12
4.2400e+03,3.8210e-12
4.2500e+03,3.8210e-12
4.2600e+03,3.8210e-12
4.2700e+03,3.8210e-12
4.2800e+03,3.8210e-12
4.2900e+03,3.8210e-12
4.3000e+03,3.8210e-12
4.3100e+03,3.8210e-12
4.3200e+03,3.8210e-12
4.3300e+03,3.8210e-12
4.3400e+03,3.8210e-12
4.3500e+03,3.8210e-12
4.3600e+03,3.8210e-12
4.3700e+03,3.8210e-12
4.3800e+03,3.8210e-12
4.3900e+03,3.8210e-12
4.4000e+03,3.8210e-12
4.4100e+03,3.8210e-12
4.4200e+03,3.8210e-12
4.4300e+03,3.8210e-12
4.4400e+03,3.8210e-12
4.4500e+03,3.8210e-12
4.4600e+03,3.8210e-12
4.4700e+03,3.8210e-12
4.4800e+03,3.8210e-12
4.4900e+03,3.8210e-12
4.5000e+03,3.8211e-12
4.5100e+03,3.8211e-12
4.5200e+03,3.8211e-12
4.5300e+03,3.8211e-12
4.5400e+03,3.8211e-12
4.5500e+03,3.8211e-12
4.5600e+03,3.8211e-12
4.5700e+03,3.8211e-12
4.5800e+03,3.8211e-12
4.5900e+03,3.8210e-12
4.6000e+03,3.8210e-12
4.6100e+03,3.8210e-12
4.6200e+03,3.8210e-12
4.6300e+03,3.8210e-12
4.6400e+03,3.8209e-12
4.6500e+03,3.8209e-12
4.6600e+03,3.8208e-12
4.6700e+03,3.8207e-12
4.6800e+03,3.8206e-12
4.6900e+03,3.8204e-12
4.7000e+03,3.8202e-12
4.7100e+03,3.8200e-12
4.7200e+03,3.8196e-12
4.7300e+03,3.8192e-12
4.7400e+03,3.8188e-12
4.7500e+03,3.8182e-12
4.7600e+03,3.8176e-12
4.7700e+03,3.8168e-12
4.7800e+03,3.8160e-12
4.7900e+03,3.8152e-12
4.8000e+03,3.8142e-12
4.8100e+03,3.8132e-12
4.8200e+03,3.8122e-12
4.8300e+03,3.8111e-12
4.8400e+03,3.8101e-12
4.8500e+03,3.8091e-12
4.8600e+03,3.8082e-12
4.8700e+03,3.8074e-12
4.8800e+03,3.8067e-12
4.8900e+03,3.8062e-12
4.9000e+03,3.8059e-12
4.9100e+03,3.8058e-12
4.9200e+03,3.8060e-12
4.9300e+03,3.8063e-12
4.9400e+03,3.8070e-12
4.9500e+03,3.8079e-12
4.9600e+03,3.8090e-12
4.9700e+03,3.8104e-12
4.9800e+03,3.8119e-12
4.9900e+03,3.8137e-12
5.0000e+03,3.8156e-12
5.0100e+03,3.8176e-12
5.0200e+03,3.8196e-12
5.0300e+03,3.8217e-12
5.0400e+03,3.8237e-12
5.0500e+03,3.8256e-12
5.0600e+03,3.8274e-12
5.0700e+03,3.8291e-12
5.0800e+03,3.8306e-12
5.0900e+03,3.8318e-12
5.1000e+03,3.8329e-12
5.1100e+03,3.8338e-12
5.1200e+03,3.8345e-12
5.1300e+03,3.8351e-12
5.1400e+03,3.8355e-12
5.1500e+03,3.8359e-12
5.1600e+03,3.8364e-12
5.1700e+03,3.8368e-12
5.1800e+03,3.8374e-12
5.1900e+03,3.8382e-12
5.2000e+03,3.8392e-12
5.2100e+03,3.8404e-12
5.2200e+03,3.8419e-12
5.2300e+03,3.8436e-12
5.2400e+03,3.8457e-12
5.2500e+03,3.8480e-12
5.2600e+03,3.8505e-12
5.2700e+03,3.8532e-12
5.2800e+03,3.8560e-12
5.2900e+03,3.8589e-12
5.3000e+03,3.8618e-12
5.3100e+03,3.8647e-12
5.3200e+03,3.8675e-12
5.3300e+03,3.8701e-12
5.3400e+03,3.8725e-12
5.3500e+03,3.8747e-12
5.3600e+03,3.8766e-12
5.3700e+03,3.8783e-12
5.3800e+03,3.8796e-12
5.3900e+03,3.8806e-12
5.4000e+03,3.8812e-12
5.4100e+03,3.8815e-12
5.4200e+03,3.8814e-12
5.4300e+03,3.8810e-12
5.4400e+03,3.8804e-12
5.4500e+03,3.8794e-12
5.4600e+03,3.8783e-12
5.4700e+03,3.8769e-12
5.4800e+03,3.8754e-12
5.4900e+03,3.8737e-12
5.5000e+03,3.8720e-12
5.5100e+03,3.8703e-12
5.5200e+03,3.8686e-12
5.5300e+03,3.8670e-12
5.5400e+03,3.8655e-12
5.5500e+03,3.8642e-12
5.5600e+03,3.8630e-12
5.5700e+03,3.8620e-12
5.5800e+03,3.8613e-12
5.5900e+03,3.8608e-12
5.6000e+03,3.8605e-12
5.6100e+03,3.8604e-12
5.6200e+03,3.8605e-12
5.6300e+03,3.8608e-12
5.6400e+03,3.8613e-12
5.6500e+03,3.8619e-12
5.6600e+03,3.8625e-12
5.6700e+03,3.8633e-12
5.6800e+03,3.8640e-12
5.6900e+03,3.8648e-12
5.7000e+03,3.8655e-12
5.7100e+03,3.8662e-12
5.7200e+03,3.8668e-12
5.7300e+03,3.8672e-12
5.7400e+03,3.8675e-12
5.7500e+03,3.8676e-12
5.7600e+03,3.8675e-12
5.7700e+03,3.8673e-12
5.7800e+03,3.8667e-12
5.7900e+03,3.8660e-12
5.8000e+03,3.8650e-12
5.8100e+03,3.8637e-12
5.8200e+03,3.8622e-12
5.8300e+03,3.8605e-12
5.8400e+03,3.8585e-12
5.8500e+03,3.8564e-12
5.8600e+03,3.8540e-12
5.8700e+03,3.8516e-12
5.8800e+03,3.8490e-12
5.8900e+03,3.8463e-12
5.9000e+03,3.8437e-12
5.9100e+03,3.8411e-12
5.9200e+03,3.8385e-12
5.9300e+03,3.8361e-12
5.9400e+03,3.8339e-12
5.9500e+03,3.8318e-12
5.9600e+03,3.8301e-12
5.9700e+03,3.8285e-12
5.9800e+03,3.8273e-12
5.9900e+03,3.8264e-12
6.0000e+03,3.8257e-12
6.0100e+03,3.8252e-12
6.0200e+03,3.8250e-12
6.0300e+03,3.8249e-12
6.0400e+03,3.8250e-12
6.0500e+03,3.8252e-12
6.0600e+03,3.8254e-12
6.0700e+03,3.8255e-12
6.0800e+03,3.8256e-12
6.0900e+03,3.8256e-12
6.1000e+03,3.8253e-12
6.1100e+03,3.8249e-12
6.1200e+03,3.8243e-12
6.1300e+03,3.8234e-12
6.1400e+03,3.8223e-12
6.1500e+03,3.8209e-12
6.1600e+03,3.8193e-12
6.1700e+03,3.8174e-12
6.1800e+03,3.8154e-12
6.1900e+03,3.8133e-12
6.2000e+03,3.8110e-12
6.2100e+03,3.8086e-12
6.2200e+03,3.8063e-12
6.2300e+03,3.8039e-12
6.2400e+03,3.8016e-12
6.2500e+03,3.7995e-12
6.2600e+03,3.7975e-12
6.2700e+03,3.7958e-12
6.2800e+03,3.7943e-12
6.2900e+03,3.7932e-12
6.3000e+03,3.7924e-12
6.3100e+03,3.7920e-12
6.3200e+03,3.7921e-12
6.3300e+03,3.7926e-12
6.3400e+03,3.7936e-12
6.3500e+03,3.7951e-12
6.3600e+03,3.7971e-12
6.3700e+03,3.7995e-12
6.3800e+03,3.8024e-12
6.3900e+03,3.8057e-12
6.4000e+03,3.8095e-12
6.4100e+03,3.8136e-12
6.4200e+03,3.8180e-12
6.4300e+03,3.8226e-12
6.4400e+03,3.8275e-12
6.4500e+03,3.8325e-12
6.4600e+03,3.8376e-12
6.4700e+03,3.8428e-12
6.4800e+03,3.8479e-12
6.4900e+03,3.8529e-12
6.5000e+03,3.8577e-12
6.5100e+03,3.8624e-12
6.5200e+03,3.8667e-12
6.5300e+03,3.8708e-12
6.5400e+03,3.8744e-12
6.5500e+03,3.8777e-12
6.5600e+03,3.8805e-12
6.5700e+03,3.8828e-12
6.5800e+03,3.8847e-12
6.5900e+03,3.8861e-12
6.6000e+03,3.8870e-12
6.6100e+03,3.8875e-12
6.6200e+03,3.8875e-12
6.6300e+03,3.8870e-12
6.6400e+03,3.8862e-12
6.6500e+03,3.8850e-12
6.6600e+03,3.8835e-12
6.6700e+03,3.8816e-12
6.6800e+03,3.8795e-12
6.6900e+03,3.8771e-12
6.7000e+03,3.8745e-12
6.7100e+03,3.8716e-12
6.7200e+03,3.8686e-12
6.7300e+03,3.8653e-12
6.7400e+03,3.8620e-12
6.7500e+03,3.8584e-12
6.7600e+03,3.8548e-12
6.7700e+03,3.8510e-12
6.7800e+03,3.8472e-12
6.7900e+03,3.8433e-12
6.8000e+03,3.8394e-12
6.8100e+03,3.8355e-12
6.8200e+03,3.8316e-12
6.8300e+03,3.8278e-12
6.8400e+03,3.8240e-12
6.8500e+03,3.8204e-12
6.8600e+03,3.8170e-12
6.8700e+03,3.8138e-12
6.8800e+03,3.8108e-12
6.8900e+03,3.8082e-12
6.9000e+03,3.8059e-12
6.9100e+03,3.8040e-12
6.9200e+03,3.8025e-12
6.9300e+03,3.8016e-12
6.9400e+03,3.8011e-12
6.9500e+03,3.8013e-12
6.9600e+03,3.8020e-12
6.9700e+03,3.8034e-12
6.9800e+03,3.8054e-12
6.9900e+03,3.8081e-12
7.0000e+03,3.8115e-12
7.0100e+03,3.8155e-12
7.0200e+03,3.8203e-12
7.0300e+03,3.8257e-12
7.0400e+03,3.8318e-12
7.0500e+03,3.8386e-12
7.0600e+03,3.8460e-12
7.0700e+03,3.8541e-12
7.0800e+03,3.8627e-12
7.0900e+03,3.8719e-12
7.1000e+03,3.8816e-12
7.1100e+03,3.8917e-12
7.1200e+03,3.9022e-12
7.1300e+03,3.9131e-12
7.1400e+03,3.9242e-12
7.1500e+03,3.9356e-12
7.1600e+03,3.9471e-12
7.1700e+03,3.9586e-12
7.1800e+03,3.9702e-12
7.1900e+03,3.9817e-12
7.2000e+03,3.9930e-12
7.2100e+03,4.0041e-12
7.2200e+03,4.0150e-12
7.2300e+03,4.0255e-12
7.2400e+03,4.0357e-12
7.2500e+03,4.0455e-12
7.2600e+03,4.0549e-12
7.2700e+03,4.0638e-12
7.2800e+03,4.0722e-12
7.2900e+03,4.0802e-12
7.3000e+03,4.0876e-12
7.3100e+03,4.0946e-12
7.3200e+03,4.1010e-12
7.3300e+03,4.1070e-12
7.3400e+03,4.1125e-12
7.3500e+03,4.1175e-12
7.3600e+03,4.1220e-12
7.3700e+03,4.1260e-12
7.3800e+03,4.1296e-12
7.3900e+03,4.1327e-12
7.4000e+03,4.1354e-12
7.4100e+03,4.1376e-12
7.4200e+03,4.1394e-12
7.4300e+03,4.1408e-12
7.4400e+03,4.1418e-12
7.4500e+03,4.1423e-12
7.4600e+03,4.1424e-12
7.4700e+03,4.1422e-12
7.4800e+03,4.1416e-12
7.4900e+03,4.1406e-12
7.5000e+03,4.1393e-12
7.5100e+03,4.1377e-12
7.5200e+03,4.1358e-12
7.5300e+03,4.1336e-12
7.5400e+03,4.1312e-12
7.5500e+03,4.1286e-12
7.5600e+03,4.1258e-12
7.5700e+03,4.1228e-12
7.5800e+03,4.1197e-12
7.5900e+03,4.1165e-12
7.6000e+03,4.1132e-12
7.6100e+03,4.1099e-12
7.6200e+03,4.1065e-12
7.6300e+03,4.1032e-12
7.6400e+03,4.0998e-12
7.6500e+03,4.0965e-12
7.6600e+03,4.0932e-12
7.6700e+03,4.0900e-12
7.6800e+03,4.0868e-12
7.6900e+03,4.0838e-12
7.7000e+03,4.0809e-12
7.7100e+03,4.0780e-12
7.7200e+03,4.0753e-12
7.7300e+03,4.0727e-12
7.7400e+03,4.0703e-12
7.7500e+03,4.0680e-12
7.7600e+03,4.0658e-12
7.7700e+03,4.0638e-12
7.7800e+03,4.0620e-12
7.7900e+03,4.0604e-12
7.8000e+03,4.0589e-12
7.8100e+03,4.0577e-12
7.8200e+03,4.0567e-12
7.8300e+03,4.0560e-12
7.8400e+03,4.0555e-12
7.8500e+03,4.0553e-12
7.8600e+03,4.0554e-12
7.8700e+03,4.0559e-12
7.8800e+03,4.0566e-12
7.8900e+03,4.0578e-12
7.9000e+03,4.0593e-12
7.9100e+03,4.0611e-12
7.9200e+03,4.0633e-12
7.9300e+03,4.0659e-12
7.9400e+03,4.0687e-12
7.9500e+03,4.0720e-12
7.9600e+03,4.0755e-12
7.9700e+03,4.0793e-12
7.9800e+03,4.0833e-12
7.9900e+03,4.0875e-12
8.0000e+03,4.0918e-12
8.0100e+03,4.0963e-12
8.0200e+03,4.1008e-12
8.0300e+03,4.1053e-12
8.0400e+03,4.1097e-12
8.0500e+03,4.1140e-12
8.0600e+03,4.1182e-12
8.0700e+03,4.1221e-12
8.0800e+03,4.1257e-12
8.0900e+03,4.1290e-12
8.1000e+03,4.1319e-12
8.1100e+03,4.1344e-12
8.1200e+03,4.1365e-12
8.1300e+03,4.1381e-12
8.1400e+03,4.1391e-12
8.1500e+03,4.1397e-12
8.1600e+03,4.1396e-12
8.1700e+03,4.1390e-12
8.1800e+03,4.1377e-12
8.1900e+03,4.1358e-12
8.2000e+03,4.1331e-12
8.2100e+03,4.1298e-12
8.2200e+03,4.1258e-12
8.2300e+03,4.1210e-12
8.2400e+03,4.1155e-12
8.2500e+03,4.1094e-12
8.2600e+03,4.1025e-12
8.2700e+03,4.0950e-12
8.2800e+03,4.0869e-12
8.2900e+03,4.0782e-12
8.3000e+03,4.0690e-12
8.3100e+03,4.0593e-12
8.3200e+03,4.0493e-12
8.3300e+03,4.0389e-12
8.3400e+03,4.0283e-12
8.3500e+03,4.0174e-12
8.3600e+03,4.0063e-12
8.3700e+03,3.9951e-12
8.3800e+03,3.9839e-12
8.3900e+03,3.9727e-12
8.4000e+03,3.9615e-12
8.4100e+03,3.9504e-12
8.4200e+03,3.9394e-12
8.4300e+03,3.9286e-12
8.4400e+03,3.9181e-12
8.4500e+03,3.9079e-12
8.4600e+03,3.8980e-12
8.4700e+03,3.8885e-12
8.4800e+03,3.8795e-12
8.4900e+03,3.8709e-12
8.5000e+03,3.8628e-12
8.5100e+03,3.8554e-12
8.5200e+03,3.8484e-12
8.5300e+03,3.8421e-12
8.5400e+03,3.8364e-12
8.5500e+03,3.8313e-12
8.5600e+03,3.8269e-12
8.5700e+03,3.8230e-12
8.5800e+03,3.8198e-12
8.5900e+03,3.8171e-12
8.6000e+03,3.8149e-12
8.6100e+03,3.8133e-12
8.6200e+03,3.8122e-12
8.6300e+03,3.8116e-12
8.6400e+03,3.8114e-12
8.6500e+03,3.8117e-12
8.6600e+03,3.8123e-12
8.6700e+03,3.8134e-12
8.6800e+03,3.8148e-12
8.6900e+03,3.8166e-12
8.7000e+03,3.8187e-12
8.7100e+03,3.8213e-12
8.7200e+03,3.8241e-12
8.7300e+03,3.8274e-12
8.7400e+03,3.8310e-12
8.7500e+03,3.8350e-12
8.7600e+03,3.8394e-12
8.7700e+03,3.8442e-12
8.7800e+03,3.8493e-12
8.7900e+03,3.8549e-12
8.8000e+03,3.8610e-12
8.8100e+03,3.8674e-12
8.8200e+03,3.8743e-12
8.8300e+03,3.8816e-12
8.8400e+03,3.8893e-12
8.8500e+03,3.8974e-12
8.8600e+03,3.9059e-12
8.8700e+03,3.9148e-12
8.8800e+03,3.9242e-12
8.8900e+03,3.9339e-12
8.9000e+03,3.9440e-12
8.9100e+03,3.9546e-12
8.9200e+03,3.9655e-12
8.9300e+03,3.9768e-12
8.9400e+03,3.9884e-12
8.9500e+03,4.0005e-12
8.9600e+03,4.0128e-12
8.9700e+03,4.0256e-12
8.9800e+03,4.0386e-12
8.9900e+03,4.0519e-12
9.0000e+03,4.0654e-12
9.0100e+03,4.0792e-12
9.0200e+03,4.0931e-12
9.0300e+03,4.1071e-12
9.0400e+03,4.1212e-12
9.0500e+03,4.1353e-12
9.0600e+03,4.1494e-12
9.0700e+03,4.1635e-12
9.0800e+03,4.1774e-12
9.0900e+03,4.1912e-12
9.1000e+03,4.2048e-12
9.1100e+03,4.2182e-12
9.1200e+03,4.2313e-12
9.1300e+03,4.2442e-12
9.1400e+03,4.2567e-12
9.1500e+03,4.2689e-12
9.1600e+03,4.2807e-12
9.1700e+03,4.2921e-12
9.1800e+03,4.3031e-12
9.1900e+03,4.3137e-12
9.2000e+03,4.3237e-12
9.2100e+03,4.3332e-12
9.2200e+03,4.3421e-12
9.2300e+03,4.3504e-12
9.2400e+03,4.3581e-12
9.2500e+03,4.3650e-12
9.2600e+03,4.3714e-12
9.2700e+03,4.3769e-12
9.2800e+03,4.3818e-12
9.2900e+03,4.3860e-12
9.3000e+03,4.3894e-12
9.3100e+03,4.3921e-12
9.3200e+03,4.3941e-12
9.3300e+03,4.3954e-12
9.3400e+03,4.3961e-12
9.3500e+03,4.3962e-12
9.3600e+03,4.3957e-12
9.3700e+03,4.3946e-12
9.3800e+03,4.3931e-12
9.3900e+03,4.3912e-12
9.4000e+03,4.3889e-12
9.4100e+03,4.3862e-12
9.4200e+03,4.3833e-12
9.4300e+03,4.3801e-12
9.4400e+03,4.3767e-12
9.4500e+03,4.3732e-12
9.4600e+03,4.3696e-12
9.4700e+03,4.3659e-12
9.4800e+03,4.3621e-12
9.4900e+03,4.3583e-12
9.5000e+03,4.3545e-12
9.5100e+03,4.3508e-12
9.5200e+03,4.3471e-12
9.5300e+03,4.3436e-12
9.5400e+03,4.3401e-12
9.5500e+03,4.3368e-12
9.5600e+03,4.3337e-12
9.5700e+03,4.3308e-12
9.5800e+03,4.3281e-12
9.5900e+03,4.3257e-12
9.6000e+03,4.3236e-12
9.6100e+03,4.3217e-12
9.6200e+03,4.3201e-12
9.6300e+03,4.3189e-12
9.6400e+03,4.3179e-12
9.6500e+03,4.3173e-12
9.6600e+03,4.3170e-12
9.6700e+03,4.3170e-12
9.6800e+03,4.3173e-12
9.6900e+03,4.3178e-12
9.7000e+03,4.3187e-12
9.7100e+03,4.3197e-12
9.7200e+03,4.3210e-12
9.7300e+03,4.3226e-12
9.7400e+03,4.3243e-12
9.7500e+03,4.3263e-12
9.7600e+03,4.3284e-12
9.7700e+03,4.3308e-12
9.7800e+03,4.3333e-12
9.7900e+03,4.3361e-12
9.8000e+03,4.3390e-12
9.8100e+03,4.3422e-12
9.8200e+03,4.3456e-12
9.8300e+03,4.3492e-12
9.8400e+03,4.3531e-12
9.8500e+03,4.3573e-12
9.8600e+03,4.3618e-12
9.8700e+03,4.3665e-12
9.8800e+03,4.3716e-12
9.8900e+03,4.3770e-12
9.9000e+03,4.3828e-12
9.9100e+03,4.3889e-12
9.9200e+03,4.3953e-12
9.9300e+03,4.4020e-12
9.9400e+03,4.4091e-12
9.9500e+03,4.4164e-12
9.9600e+03,4.4240e-12
9.9700e+03,4.4319e-12
9.9800e+03,4.4400e-12
9.9900e+03,4.4483e-12
1.0000e+04,4.4568e-12
