# Time , Side-Flux
0.0000e+00,0.0000e+00
1.0000e+01,4.7025e-13
2.0000e+01,9.3556e-13
3.0000e+01,1.3912e-12
4.0000e+01,1.8329e-12
5.0000e+01,2.2571e-12
6.0000e+01,2.6608e-12
7.0000e+01,3.0419e-12
8.0000e+01,3.3990e-12
9.0000e+01,3.7315e-12
1.0000e+02,4.0391e-12
1.1000e+02,4.3225e-12
1.2000e+02,4.5823e-12
1.3000e+02,4.8198e-12
1.4000e+02,5.0362e-12
1.5000e+02,5.2330e-12
1.6000e+02,5.4116e-12
1.7000e+02,5.5736e-12
1.8000e+02,5.7202e-12
1.9000e+02,5.8530e-12
2.0000e+02,5.9732e-12
2.1000e+02,6.0819e-12
2.2000e+02,6.1804e-12
2.3000e+02,6.2697e-12
2.4000e+02,6.3505e-12
2.5000e+02,6.4239e-12
2.6000e+02,6.4904e-12
2.7000e+02,6.5508e-12
2.8000e+02,6.6057e-12
2.9000e+02,6.6555e-12
3.0000e+02,6.7008e-12
3.1000e+02,6.7419e-12
3.2000e+02,6.7792e-12
3.3000e+02,6.8131e-12
3.4000e+02,6.8439e-12
3.5000e+02,6.8717e-12
3.6000e+02,6.8969e-12
3.7000e+02,6.9197e-12
3.8000e+02,6.9403e-12
3.9000e+02,6.9589e-12
4.0000e+02,6.9756e-12
4.1000e+02,6.9908e-12
4.2000e+02,7.0045e-12
4.3000e+02,7.0169e-12
4.4000e+02,7.0281e-12
4.5000e+02,7.0383e-12
4.6000e+02,7.0476e-12
4.7000e+02,7.0561e-12
4.8000e+02,7.0640e-12
4.9000e+02,7.0713e-12
5.0000e+02,7.0782e-12
5.1000e+02,7.0846e-12
5.2000e+02,7.0908e-12
5.3000e+02,7.0968e-12
5.4000e+02,7.1025e-12
5.5000e+02,7.1081e-12
5.6000e+02,7.1135e-12
5.7000e+02,7.1188e-12
5.8000e+02,7.1240e-12
5.9000e+02,7.1290e-12
6.0000e+02,7.1338e-12
6.1000e+02,7.1385e-12
6.2000e+02,7.1429e-12
6.3000e+02,7.1472e-12
6.4000e+02,7.1514e-12
6.5000e+02,7.1554e-12
6.6000e+02,7.1595e-12
6.7000e+02,7.1637e-12
6.8000e+02,7.1682e-12
6.9000e+02,7.1729e-12
7.0000e+02,7.1781e-12
7.1000e+02,7.1838e-12
7.2000e+02,7.1900e-12
7.3000e+02,7.1967e-12
7.4000e+02,7.2040e-12
7.5000e+02,7.2117e-12
7.6000e+02,7.2197e-12
7.7000e+02,7.2280e-12
7.8000e+02,7.2363e-12
7.9000e+02,7.2445e-12
8.0000e+02,7.2523e-12
8.1000e+02,7.2596e-12
8.2000e+02,7.2663e-12
8.3000e+02,7.2720e-12
8.4000e+02,7.2767e-12
8.5000e+02,7.2802e-12
8.6000e+02,7.2824e-12
8.7000e+02,7.2833e-12
8.8000e+02,7.2828e-12
8.9000e+02,7.2810e-12
9.0000e+02,7.2778e-12
9.1000e+02,7.2734e-12
9.2000e+02,7.2679e-12
9.3000e+02,7.2614e-12
9.4000e+02,7.2542e-12
9.5000e+02,7.2465e-12
9.6000e+02,7.2386e-12
9.7000e+02,7.2306e-12
9.8000e+02,7.2229e-12
9.9000e+02,7.2156e-12
1.0000e+03,7.2091e-12
1.0100e+03,7.2036e-12
1.0200e+03,7.1991e-12
1.0300e+03,7.1960e-12
1.0400e+03,7.1943e-12
1.0500e+03,7.1942e-12
1.0600e+03,7.1956e-12
1.0700e+03,7.1987e-12
1.0800e+03,7.2033e-12
1.0900e+03,7.2093e-12
1.1000e+03,7.2167e-12
1.1100e+03,7.2252e-12
1.1200e+03,7.2347e-12
1.1300e+03,7.2450e-12
1.1400e+03,7.2560e-12
1.1500e+03,7.2674e-12
1.1600e+03,7.2791e-12
1.1700e+03,7.2910e-12
1.1800e+03,7.3029e-12
1.1900e+03,7.3149e-12
1.2000e+03,7.3269e-12
1.2100e+03,7.3387e-12
1.2200e+03,7.3504e-12
1.2300e+03,7.3620e-12
1.2400e+03,7.3734e-12
1.2500e+03,7.3845e-12
1.2600e+03,7.3953e-12
1.2700e+03,7.4058e-12
1.2800e+03,7.4158e-12
1.2900e+03,7.4253e-12
1.3000e+03,7.4343e-12
1.3100e+03,7.4427e-12
1.3200e+03,7.4503e-12
1.3300e+03,7.4572e-12
1.3400e+03,7.4634e-12
1.3500e+03,7.4687e-12
1.3600e+03,7.4732e-12
1.3700e+03,7.4769e-12
1.3800e+03,7.4799e-12
1.3900e+03,7.4821e-12
1.4000e+03,7.4838e-12
1.4100e+03,7.4848e-12
1.4200e+03,7.4854e-12
1.4300e+03,7.4856e-12
1.4400e+03,7.4855e-12
1.4500e+03,7.4851e-12
1.4600e+03,7.4844e-12
1.4700e+03,7.4836e-12
1.4800e+03,7.4826e-12
1.4900e+03,7.4815e-12
1.5000e+03,7.4802e-12
1.5100e+03,7.4787e-12
1.5200e+03,7.4771e-12
1.5300e+03,7.4754e-12
1.5400e+03,7.4735e-12
1.5500e+03,7.4714e-12
1.5600e+03,7.4692e-12
1.5700e+03,7.4668e-12
1.5800e+03,7.4643e-12
1.5900e+03,7.4617e-12
1.6000e+03,7.4590e-12
1.6100e+03,7.4561e-12
1.6200e+03,7.4532e-12
1.6300e+03,7.4502e-12
1.6400e+03,7.4472e-12
1.6500e+03,7.4441e-12
1.6600e+03,7.4410e-12
1.6700e+03,7.4380e-12
1.6800e+03,7.4349e-12
1.6900e+03,7.4318e-12
1.7000e+03,7.4288e-12
1.7100e+03,7.4258e-12
1.7200e+03,7.4228e-12
1.7300e+03,7.4199e-12
1.7400e+03,7.4169e-12
1.7500e+03,7.4140e-12
1.7600e+03,7.4111e-12
1.7700e+03,7.4081e-12
1.7800e+03,7.4051e-12
1.7900e+03,7.4019e-12
1.8000e+03,7.3987e-12
1.8100e+03,7.3952e-12
1.8200e+03,7.3916e-12
1.8300e+03,7.3879e-12
1.8400e+03,7.3839e-12
1.8500e+03,7.3797e-12
1.8600e+03,7.3753e-12
1.8700e+03,7.3708e-12
1.8800e+03,7.3662e-12
1.8900e+03,7.3614e-12
1.9000e+03,7.3565e-12
1.9100e+03,7.3515e-12
1.9200e+03,7.3465e-12
1.9300e+03,7.3414e-12
1.9400e+03,7.3363e-12
1.9500e+03,7.3310e-12
1.9600e+03,7.3256e-12
1.9700e+03,7.3201e-12
1.9800e+03,7.3145e-12
1.9900e+03,7.3088e-12
2.0000e+03,7.3030e-12
2.0100e+03,7.2972e-12
2.0200e+03,7.2915e-12
2.0300e+03,7.2859e-12
2.0400e+03,7.2805e-12
2.0500e+03,7.2754e-12
2.0600e+03,7.2708e-12
2.0700e+03,7.2668e-12
2.0800e+03,7.2634e-12
2.0900e+03,7.2607e-12
2.1000e+03,7.2589e-12
2.1100e+03,7.2579e-12
2.1200e+03,7.2579e-12
2.1300e+03,7.2588e-12
2.1400e+03,7.2605e-12
2.1500e+03,7.2631e-12
2.1600e+03,7.2664e-12
2.1700e+03,7.2703e-12
2.1800e+03,7.2746e-12
2.1900e+03,7.2791e-12
2.2000e+03,7.2838e-12
2.2100e+03,7.2884e-12
2.2200e+03,7.2929e-12
2.2300e+03,7.2971e-12
2.2400e+03,7.3009e-12
2.2500e+03,7.3045e-12
2.2600e+03,7.3077e-12
2.2700e+03,7.3105e-12
2.2800e+03,7.3131e-12
2.2900e+03,7.3155e-12
2.3000e+03,7.3176e-12
2.3100e+03,7.3196e-12
2.3200e+03,7.3214e-12
2.3300e+03,7.3231e-12
2.3400e+03,7.3248e-12
2.3500e+03,7.3263e-12
2.3600e+03,7.3278e-12
2.3700e+03,7.3291e-12
2.3800e+03,7.3304e-12
2.3900e+03,7.3316e-12
2.4000e+03,7.3327e-12
2.4100e+03,7.3337e-12
2.4200e+03,7.3347e-12
2.4300e+03,7.3356e-12
2.4400e+03,7.3365e-12
2.4500e+03,7.3373e-12
2.4600e+03,7.3382e-12
2.4700e+03,7.3390e-12
2.4800e+03,7.3398e-12
2.4900e+03,7.3406e-12
2.5000e+03,7.3413e-12
2.5100e+03,7.3420e-12
2.5200e+03,7.3426e-12
2.5300e+03,7.3431e-12
2.5400e+03,7.3435e-12
2.5500e+03,7.3438e-12
2.5600e+03,7.3441e-12
2.5700e+03,7.3442e-12
2.5800e+03,7.3442e-12
2.5900e+03,7.3441e-12
2.6000e+03,7.3439e-12
2.6100e+03,7.3435e-12
2.6200e+03,7.3429e-12
2.6300e+03,7.3422e-12
2.6400e+03,7.3413e-12
2.6500e+03,7.3402e-12
2.6600e+03,7.3389e-12
2.6700e+03,7.3375e-12
2.6800e+03,7.3359e-12
2.6900e+03,7.3343e-12
2.7000e+03,7.3326e-12
2.7100e+03,7.3309e-12
2.7200e+03,7.3293e-12
2.7300e+03,7.3277e-12
2.7400e+03,7.3262e-12
2.7500e+03,7.3247e-12
2.7600e+03,7.3234e-12
2.7700e+03,7.3221e-12
2.7800e+03,7.3210e-12
2.7900e+03,7.3200e-12
2.8000e+03,7.3191e-12
2.8100e+03,7.3185e-12
2.8200e+03,7.3180e-12
2.8300e+03,7.3179e-12
2.8400e+03,7.3181e-12
2.8500e+03,7.3188e-12
2.8600e+03,7.3199e-12
2.8700e+03,7.3217e-12
2.8800e+03,7.3240e-12
2.8900e+03,7.3271e-12
2.9000e+03,7.3308e-12
2.9100e+03,7.3351e-12
2.9200e+03,7.3401e-12
2.9300e+03,7.3455e-12
2.9400e+03,7.3515e-12
2.9500e+03,7.3577e-12
2.9600e+03,7.3641e-12
2.9700e+03,7.3706e-12
2.9800e+03,7.3771e-12
2.9900e+03,7.3835e-12
3.0000e+03,7.3897e-12
3.0100e+03,7.3955e-12
3.0200e+03,7.4010e-12
3.0300e+03,7.4060e-12
3.0400e+03,7.4104e-12
3.0500e+03,7.4143e-12
3.0600e+03,7.4175e-12
3.0700e+03,7.4199e-12
3.0800e+03,7.4217e-12
3.0900e+03,7.4227e-12
3.1000e+03,7.4231e-12
3.1100e+03,7.4230e-12
3.1200e+03,7.4224e-12
3.1300e+03,7.4217e-12
3.1400e+03,7.4209e-12
3.1500e+03,7.4202e-12
3.1600e+03,7.4198e-12
3.1700e+03,7.4199e-12
3.1800e+03,7.4205e-12
3.1900e+03,7.4218e-12
3.2000e+03,7.4238e-12
3.2100e+03,7.4264e-12
3.2200e+03,7.4296e-12
3.2300e+03,7.4335e-12
3.2400e+03,7.4378e-12
3.2500e+03,7.4425e-12
3.2600e+03,7.4475e-12
3.2700e+03,7.4526e-12
3.2800e+03,7.4577e-12
3.2900e+03,7.4628e-12
3.3000e+03,7.4676e-12
3.3100e+03,7.4721e-12
3.3200e+03,7.4762e-12
3.3300e+03,7.4799e-12
3.3400e+03,7.4830e-12
3.3500e+03,7.4857e-12
3.3600e+03,7.4879e-12
3.3700e+03,7.4897e-12
3.3800e+03,7.4911e-12
3.3900e+03,7.4923e-12
3.4000e+03,7.4933e-12
3.4100e+03,7.4943e-12
3.4200e+03,7.4953e-12
3.4300e+03,7.4964e-12
3.4400e+03,7.4976e-12
3.4500e+03,7.4990e-12
3.4600e+03,7.5004e-12
3.4700e+03,7.5019e-12
3.4800e+03,7.5033e-12
3.4900e+03,7.5046e-12
3.5000e+03,7.5056e-12
3.5100e+03,7.5064e-12
3.5200e+03,7.5069e-12
3.5300e+03,7.5071e-12
3.5400e+03,7.5069e-12
3.5500e+03,7.5064e-12
3.5600e+03,7.5057e-12
3.5700e+03,7.5047e-12
3.5800e+03,7.5034e-12
3.5900e+03,7.5021e-12
3.6000e+03,7.5006e-12
3.6100e+03,7.4989e-12
3.6200e+03,7.4973e-12
3.6300e+03,7.4956e-12
3.6400e+03,7.4939e-12
3.6500e+03,7.4922e-12
3.6600e+03,7.4905e-12
3.6700e+03,7.4890e-12
3.6800e+03,7.4875e-12
3.6900e+03,7.4863e-12
3.7000e+03,7.4851e-12
3.7100e+03,7.4842e-12
3.7200e+03,7.4835e-12
3.7300e+03,7.4830e-12
3.7400e+03,7.4827e-12
3.7500e+03,7.4825e-12
3.7600e+03,7.4824e-12
3.7700e+03,7.4823e-12
3.7800e+03,7.4823e-12
3.7900e+03,7.4822e-12
3.8000e+03,7.4820e-12
3.8100e+03,7.4816e-12
3.8200e+03,7.4811e-12
3.8300e+03,7.4805e-12
3.8400e+03,7.4797e-12
3.8500e+03,7.4789e-12
3.8600e+03,7.4781e-12
3.8700e+03,7.4773e-12
3.8800e+03,7.4766e-12
3.8900e+03,7.4759e-12
3.9000e+03,7.4754e-12
3.9100e+03,7.4750e-12
3.9200e+03,7.4748e-12
3.9300e+03,7.4746e-12
3.9400e+03,7.4745e-12
3.9500e+03,7.4744e-12
3.9600e+03,7.4743e-12
3.9700e+03,7.4742e-12
3.9800e+03,7.4740e-12
3.9900e+03,7.4738e-12
4.0000e+03,7.4734e-12
4.0100e+03,7.4730e-12
4.0200e+03,7.4724e-12
4.0300e+03,7.4719e-12
4.0400e+03,7.4713e-12
4.0500e+03,7.4707e-12
4.0600e+03,7.4701e-12
4.0700e+03,7.4696e-12
4.0800e+03,7.4692e-12
4.0900e+03,7.4688e-12
4.1000e+03,7.4685e-12
4.1100e+03,7.4683e-12
4.1200e+03,7.4681e-12
4.1300e+03,7.4681e-12
4.1400e+03,7.4680e-12
4.1500e+03,7.4680e-12
4.1600e+03,7.4680e-12
4.1700e+03,7.4680e-12
4.1800e+03,7.4680e-12
4.1900e+03,7.4680e-12
4.2000e+03,7.4680e-12
4.2100e+03,7.4680e-12
4.2200e+03,7.4680e-12
4.2300e+03,7.4680e-12
4.2400e+03,7.4680e-12
4.2500e+03,7.4680e-12
4.2600e+03,7.4680e-12
4.2700e+03,7.4680e-12
4.2800e+03,7.4680e-12
4.2900e+03,7.4680e-12
4.3000e+03,7.4680e-12
4.3100e+03,7.4680e-12
4.3200e+03,7.4680e-12
4.3300e+03,7.4680e-12
4.3400e+03,7.4679e-12
4.3500e+03,7.4679e-12
4.3600e+03,7.4679e-12
4.3700e+03,7.4679e-12
4.3800e+03,7.4679e-12
4.3900e+03,7.4679e-12
4.4000e+03,7.4679e-12
4.4100e+03,7.4679e-12
4.4200e+03,7.4678e-12
4.4300e+03,7.4678e-12
4.4400e+03,7.4678e-12
4.4500e+03,7.4678e-12
4.4600e+03,7.4678e-12
4.4700e+03,7.4678e-12
4.4800e+03,7.4678e-12
4.4900e+03,7.4678e-12
4.5000e+03,7.4679e-12
4.5100e+03,7.4679e-12
4.5200e+03,7.4679e-12
4.5300e+03,7.4679e-12
4.5400e+03,7.4679e-12
4.5500e+03,7.4680e-12
4.5600e+03,7.4680e-12
4.5700e+03,7.4680e-12
4.5800e+03,7.4680e-12
4.5900e+03,7.4681e-12
4.6000e+03,7.4681e-12
4.6100e+03,7.4681e-12
4.6200e+03,7.4682e-12
4.6300e+03,7.4682e-12
4.6400e+03,7.4681e-12
4.6500e+03,7.4681e-12
4.6600e+03,7.4680e-12
4.6700e+03,7.4678e-12
4.6800e+03,7.4674e-12
4.6900e+03,7.4670e-12
4.7000e+03,7.4663e-12
4.7100e+03,7.4655e-12
4.7200e+03,7.4644e-12
4.7300e+03,7.4630e-12
4.7400e+03,7.4613e-12
4.7500e+03,7.4592e-12
4.7600e+03,7.4569e-12
4.7700e+03,7.4542e-12
4.7800e+03,7.4512e-12
4.7900e+03,7.4480e-12
4.8000e+03,7.4447e-12
4.8100e+03,7.4413e-12
4.8200e+03,7.4378e-12
4.8300e+03,7.4345e-12
4.8400e+03,7.4313e-12
4.8500e+03,7.4285e-12
4.8600e+03,7.4262e-12
4.8700e+03,7.4244e-12
4.8800e+03,7.4232e-12
4.8900e+03,7.4229e-12
4.9000e+03,7.4234e-12
4.9100e+03,7.4248e-12
4.9200e+03,7.4273e-12
4.9300e+03,7.4307e-12
4.9400e+03,7.4352e-12
4.9500e+03,7.4406e-12
4.9600e+03,7.4469e-12
4.9700e+03,7.4539e-12
4.9800e+03,7.4615e-12
4.9900e+03,7.4695e-12
5.0000e+03,7.4777e-12
5.0100e+03,7.4858e-12
5.0200e+03,7.4935e-12
5.0300e+03,7.5007e-12
5.0400e+03,7.5071e-12
5.0500e+03,7.5124e-12
5.0600e+03,7.5166e-12
5.0700e+03,7.5193e-12
5.0800e+03,7.5206e-12
5.0900e+03,7.5204e-12
5.1000e+03,7.5187e-12
5.1100e+03,7.5156e-12
5.1200e+03,7.5112e-12
5.1300e+03,7.5056e-12
5.1400e+03,7.4993e-12
5.1500e+03,7.4925e-12
5.1600e+03,7.4857e-12
5.1700e+03,7.4791e-12
5.1800e+03,7.4733e-12
5.1900e+03,7.4686e-12
5.2000e+03,7.4653e-12
5.2100e+03,7.4636e-12
5.2200e+03,7.4637e-12
5.2300e+03,7.4656e-12
5.2400e+03,7.4691e-12
5.2500e+03,7.4743e-12
5.2600e+03,7.4808e-12
5.2700e+03,7.4884e-12
5.2800e+03,7.4968e-12
5.2900e+03,7.5057e-12
5.3000e+03,7.5149e-12
5.3100e+03,7.5241e-12
5.3200e+03,7.5330e-12
5.3300e+03,7.5415e-12
5.3400e+03,7.5494e-12
5.3500e+03,7.5565e-12
5.3600e+03,7.5628e-12
5.3700e+03,7.5681e-12
5.3800e+03,7.5723e-12
5.3900e+03,7.5755e-12
5.4000e+03,7.5776e-12
5.4100e+03,7.5785e-12
5.4200e+03,7.5784e-12
5.4300e+03,7.5772e-12
5.4400e+03,7.5750e-12
5.4500e+03,7.5719e-12
5.4600e+03,7.5679e-12
5.4700e+03,7.5632e-12
5.4800e+03,7.5579e-12
5.4900e+03,7.5521e-12
5.5000e+03,7.5461e-12
5.5100e+03,7.5399e-12
5.5200e+03,7.5338e-12
5.5300e+03,7.5280e-12
5.5400e+03,7.5225e-12
5.5500e+03,7.5176e-12
5.5600e+03,7.5134e-12
5.5700e+03,7.5099e-12
5.5800e+03,7.5071e-12
5.5900e+03,7.5052e-12
5.6000e+03,7.5040e-12
5.6100e+03,7.5035e-12
5.6200e+03,7.5037e-12
5.6300e+03,7.5045e-12
5.6400e+03,7.5057e-12
5.6500e+03,7.5073e-12
5.6600e+03,7.5092e-12
5.6700e+03,7.5113e-12
5.6800e+03,7.5134e-12
5.6900e+03,7.5155e-12
5.7000e+03,7.5175e-12
5.7100e+03,7.5192e-12
5.7200e+03,7.5207e-12
5.7300e+03,7.5218e-12
5.7400e+03,7.5225e-12
5.7500e+03,7.5227e-12
5.7600e+03,7.5223e-12
5.7700e+03,7.5213e-12
5.7800e+03,7.5197e-12
5.7900e+03,7.5173e-12
5.8000e+03,7.5141e-12
5.8100e+03,7.5102e-12
5.8200e+03,7.5054e-12
5.8300e+03,7.4998e-12
5.8400e+03,7.4934e-12
5.8500e+03,7.4861e-12
5.8600e+03,7.4780e-12
5.8700e+03,7.4692e-12
5.8800e+03,7.4597e-12
5.8900e+03,7.4497e-12
5.9000e+03,7.4394e-12
5.9100e+03,7.4289e-12
5.9200e+03,7.4183e-12
5.9300e+03,7.4079e-12
5.9400e+03,7.3979e-12
5.9500e+03,7.3883e-12
5.9600e+03,7.3795e-12
5.9700e+03,7.3714e-12
5.9800e+03,7.3641e-12
5.9900e+03,7.3578e-12
6.0000e+03,7.3523e-12
6.0100e+03,7.3478e-12
6.0200e+03,7.3439e-12
6.0300e+03,7.3408e-12
6.0400e+03,7.3381e-12
6.0500e+03,7.3358e-12
6.0600e+03,7.3337e-12
6.0700e+03,7.3316e-12
6.0800e+03,7.3294e-12
6.0900e+03,7.3269e-12
6.1000e+03,7.3239e-12
6.1100e+03,7.3205e-12
6.1200e+03,7.3165e-12
6.1300e+03,7.3120e-12
6.1400e+03,7.3069e-12
6.1500e+03,7.3012e-12
6.1600e+03,7.2951e-12
6.1700e+03,7.2885e-12
6.1800e+03,7.2818e-12
6.1900e+03,7.2748e-12
6.2000e+03,7.2678e-12
6.2100e+03,7.2609e-12
6.2200e+03,7.2541e-12
6.2300e+03,7.2477e-12
6.2400e+03,7.2417e-12
6.2500e+03,7.2363e-12
6.2600e+03,7.2316e-12
6.2700e+03,7.2276e-12
6.2800e+03,7.2245e-12
6.2900e+03,7.2226e-12
6.3000e+03,7.2218e-12
6.3100e+03,7.2223e-12
6.3200e+03,7.2242e-12
6.3300e+03,7.2276e-12
6.3400e+03,7.2324e-12
6.3500e+03,7.2389e-12
6.3600e+03,7.2468e-12
6.3700e+03,7.2561e-12
6.3800e+03,7.2667e-12
6.3900e+03,7.2786e-12
6.4000e+03,7.2916e-12
6.4100e+03,7.3056e-12
6.4200e+03,7.3204e-12
6.4300e+03,7.3359e-12
6.4400e+03,7.3519e-12
6.4500e+03,7.3684e-12
6.4600e+03,7.3850e-12
6.4700e+03,7.4018e-12
6.4800e+03,7.4185e-12
6.4900e+03,7.4350e-12
6.5000e+03,7.4510e-12
6.5100e+03,7.4665e-12
6.5200e+03,7.4811e-12
6.5300e+03,7.4948e-12
6.5400e+03,7.5073e-12
6.5500e+03,7.5185e-12
6.5600e+03,7.5283e-12
6.5700e+03,7.5366e-12
6.5800e+03,7.5434e-12
6.5900e+03,7.5486e-12
6.6000e+03,7.5523e-12
6.6100e+03,7.5546e-12
6.6200e+03,7.5556e-12
6.6300e+03,7.5555e-12
6.6400e+03,7.5544e-12
6.6500e+03,7.5524e-12
6.6600e+03,7.5497e-12
6.6700e+03,7.5464e-12
6.6800e+03,7.5425e-12
6.6900e+03,7.5381e-12
6.7000e+03,7.5333e-12
6.7100e+03,7.5280e-12
6.7200e+03,7.5224e-12
6.7300e+03,7.5164e-12
6.7400e+03,7.5100e-12
6.7500e+03,7.5032e-12
6.7600e+03,7.4961e-12
6.7700e+03,7.4886e-12
6.7800e+03,7.4808e-12
6.7900e+03,7.4728e-12
6.8000e+03,7.4645e-12
6.8100e+03,7.4561e-12
6.8200e+03,7.4476e-12
6.8300e+03,7.4390e-12
6.8400e+03,7.4305e-12
6.8500e+03,7.4222e-12
6.8600e+03,7.4141e-12
6.8700e+03,7.4064e-12
6.8800e+03,7.3993e-12
6.8900e+03,7.3928e-12
6.9000e+03,7.3873e-12
6.9100e+03,7.3827e-12
6.9200e+03,7.3794e-12
6.9300e+03,7.3774e-12
6.9400e+03,7.3770e-12
6.9500e+03,7.3783e-12
6.9600e+03,7.3814e-12
6.9700e+03,7.3863e-12
6.9800e+03,7.3933e-12
6.9900e+03,7.4023e-12
7.0000e+03,7.4135e-12
7.0100e+03,7.4269e-12
7.0200e+03,7.4424e-12
7.0300e+03,7.4602e-12
7.0400e+03,7.4802e-12
7.0500e+03,7.5024e-12
7.0600e+03,7.5268e-12
7.0700e+03,7.5534e-12
7.0800e+03,7.5819e-12
7.0900e+03,7.6125e-12
7.1000e+03,7.6450e-12
7.1100e+03,7.6791e-12
7.1200e+03,7.7149e-12
7.1300e+03,7.7520e-12
7.1400e+03,7.7902e-12
7.1500e+03,7.8292e-12
7.1600e+03,7.8687e-12
7.1700e+03,7.9084e-12
7.1800e+03,7.9480e-12
7.1900e+03,7.9871e-12
7.2000e+03,8.0253e-12
7.2100e+03,8.0625e-12
7.2200e+03,8.0983e-12
7.2300e+03,8.1325e-12
7.2400e+03,8.1650e-12
7.2500e+03,8.1956e-12
7.2600e+03,8.2243e-12
7.2700e+03,8.2511e-12
7.2800e+03,8.2759e-12
7.2900e+03,8.2988e-12
7.3000e+03,8.3199e-12
7.3100e+03,8.3392e-12
7.3200e+03,8.3568e-12
7.3300e+03,8.3728e-12
7.3400e+03,8.3874e-12
7.3500e+03,8.4006e-12
7.3600e+03,8.4125e-12
7.3700e+03,8.4232e-12
7.3800e+03,8.4328e-12
7.3900e+03,8.4412e-12
7.4000e+03,8.4486e-12
7.4100e+03,8.4548e-12
7.4200e+03,8.4601e-12
7.4300e+03,8.4642e-12
7.4400e+03,8.4673e-12
7.4500e+03,8.4694e-12
7.4600e+03,8.4705e-12
7.4700e+03,8.4706e-12
7.4800e+03,8.4698e-12
7.4900e+03,8.4681e-12
7.5000e+03,8.4656e-12
7.5100e+03,8.4623e-12
7.5200e+03,8.4583e-12
7.5300e+03,8.4536e-12
7.5400e+03,8.4484e-12
7.5500e+03,8.4427e-12
7.5600e+03,8.4366e-12
7.5700e+03,8.4302e-12
7.5800e+03,8.4234e-12
7.5900e+03,8.4165e-12
7.6000e+03,8.4095e-12
7.6100e+03,8.4025e-12
7.6200e+03,8.3954e-12
7.6300e+03,8.3884e-12
7.6400e+03,8.3816e-12
7.6500e+03,8.3749e-12
7.6600e+03,8.3684e-12
7.6700e+03,8.3622e-12
7.6800e+03,8.3562e-12
7.6900e+03,8.3506e-12
7.7000e+03,8.3452e-12
7.7100e+03,8.3401e-12
7.7200e+03,8.3354e-12
7.7300e+03,8.3310e-12
7.7400e+03,8.3269e-12
7.7500e+03,8.3231e-12
7.7600e+03,8.3197e-12
7.7700e+03,8.3166e-12
7.7800e+03,8.3138e-12
7.7900e+03,8.3114e-12
7.8000e+03,8.3095e-12
7.8100e+03,8.3080e-12
7.8200e+03,8.3070e-12
7.8300e+03,8.3065e-12
7.8400e+03,8.3067e-12
7.8500e+03,8.3076e-12
7.8600e+03,8.3093e-12
7.8700e+03,8.3117e-12
7.8800e+03,8.3151e-12
7.8900e+03,8.3193e-12
7.9000e+03,8.3245e-12
7.9100e+03,8.3306e-12
7.9200e+03,8.3376e-12
7.9300e+03,8.3456e-12
7.9400e+03,8.3544e-12
7.9500e+03,8.3641e-12
7.9600e+03,8.3745e-12
7.9700e+03,8.3855e-12
7.9800e+03,8.3970e-12
7.9900e+03,8.4090e-12
8.0000e+03,8.4212e-12
8.0100e+03,8.4334e-12
8.0200e+03,8.4455e-12
8.0300e+03,8.4573e-12
8.0400e+03,8.4687e-12
8.0500e+03,8.4793e-12
8.0600e+03,8.4891e-12
8.0700e+03,8.4980e-12
8.0800e+03,8.5058e-12
8.0900e+03,8.5125e-12
8.1000e+03,8.5179e-12
8.1100e+03,8.5222e-12
8.1200e+03,8.5253e-12
8.1300e+03,8.5272e-12
8.1400e+03,8.5279e-12
8.1500e+03,8.5275e-12
8.1600e+03,8.5260e-12
8.1700e+03,8.5232e-12
8.1800e+03,8.5193e-12
8.1900e+03,8.5139e-12
8.2000e+03,8.5072e-12
8.2100e+03,8.4990e-12
8.2200e+03,8.4892e-12
8.2300e+03,8.4778e-12
8.2400e+03,8.4648e-12
8.2500e+03,8.4502e-12
8.2600e+03,8.4342e-12
8.2700e+03,8.4169e-12
8.2800e+03,8.3984e-12
8.2900e+03,8.3790e-12
8.3000e+03,8.3588e-12
8.3100e+03,8.3380e-12
8.3200e+03,8.3167e-12
8.3300e+03,8.2952e-12
8.3400e+03,8.2734e-12
8.3500e+03,8.2517e-12
8.3600e+03,8.2299e-12
8.3700e+03,8.2083e-12
8.3800e+03,8.1868e-12
8.3900e+03,8.1655e-12
8.4000e+03,8.1445e-12
8.4100e+03,8.1239e-12
8.4200e+03,8.1038e-12
8.4300e+03,8.0841e-12
8.4400e+03,8.0651e-12
8.4500e+03,8.0468e-12
8.4600e+03,8.0294e-12
8.4700e+03,8.0130e-12
8.4800e+03,7.9977e-12
8.4900e+03,7.9836e-12
8.5000e+03,7.9709e-12
8.5100e+03,7.9596e-12
8.5200e+03,7.9498e-12
8.5300e+03,7.9415e-12
8.5400e+03,7.9347e-12
8.5500e+03,7.9293e-12
8.5600e+03,7.9254e-12
8.5700e+03,7.9228e-12
8.5800e+03,7.9214e-12
8.5900e+03,7.9211e-12
8.6000e+03,7.9217e-12
8.6100e+03,7.9232e-12
8.6200e+03,7.9254e-12
8.6300e+03,7.9281e-12
8.6400e+03,7.9314e-12
8.6500e+03,7.9352e-12
8.6600e+03,7.9392e-12
8.6700e+03,7.9436e-12
8.6800e+03,7.9483e-12
8.6900e+03,7.9532e-12
8.7000e+03,7.9584e-12
8.7100e+03,7.9638e-12
8.7200e+03,7.9696e-12
8.7300e+03,7.9758e-12
8.7400e+03,7.9824e-12
8.7500e+03,7.9895e-12
8.7600e+03,7.9971e-12
8.7700e+03,8.0054e-12
8.7800e+03,8.0143e-12
8.7900e+03,8.0239e-12
8.8000e+03,8.0343e-12
8.8100e+03,8.0454e-12
8.8200e+03,8.0572e-12
8.8300e+03,8.0697e-12
8.8400e+03,8.0828e-12
8.8500e+03,8.0966e-12
8.8600e+03,8.1108e-12
8.8700e+03,8.1257e-12
8.8800e+03,8.1410e-12
8.8900e+03,8.1568e-12
8.9000e+03,8.1732e-12
8.9100e+03,8.1903e-12
8.9200e+03,8.2079e-12
8.9300e+03,8.2263e-12
8.9400e+03,8.2455e-12
8.9500e+03,8.2655e-12
8.9600e+03,8.2864e-12
8.9700e+03,8.3081e-12
8.9800e+03,8.3307e-12
8.9900e+03,8.3541e-12
9.0000e+03,8.3782e-12
9.0100e+03,8.4031e-12
9.0200e+03,8.4285e-12
9.0300e+03,8.4543e-12
9.0400e+03,8.4804e-12
9.0500e+03,8.5067e-12
9.0600e+03,8.5331e-12
9.0700e+03,8.5594e-12
9.0800e+03,8.5855e-12
9.0900e+03,8.6113e-12
9.1000e+03,8.6368e-12
9.1100e+03,8.6619e-12
9.1200e+03,8.6867e-12
9.1300e+03,8.7110e-12
9.1400e+03,8.7349e-12
9.1500e+03,8.7584e-12
9.1600e+03,8.7815e-12
9.1700e+03,8.8042e-12
9.1800e+03,8.8263e-12
9.1900e+03,8.8480e-12
9.2000e+03,8.8690e-12
9.2100e+03,8.8892e-12
9.2200e+03,8.9087e-12
9.2300e+03,8.9271e-12
9.2400e+03,8.9445e-12
9.2500e+03,8.9607e-12
9.2600e+03,8.9756e-12
9.2700e+03,8.9891e-12
9.2800e+03,9.0012e-12
9.2900e+03,9.0118e-12
9.3000e+03,9.0209e-12
9.3100e+03,9.0285e-12
9.3200e+03,9.0346e-12
9.3300e+03,9.0392e-12
9.3400e+03,9.0422e-12
9.3500e+03,9.0439e-12
9.3600e+03,9.0441e-12
9.3700e+03,9.0431e-12
9.3800e+03,9.0409e-12
9.3900e+03,9.0376e-12
9.4000e+03,9.0334e-12
9.4100e+03,9.0283e-12
9.4200e+03,9.0225e-12
9.4300e+03,9.0162e-12
9.4400e+03,9.0094e-12
9.4500e+03,9.0022e-12
9.4600e+03,8.9947e-12
9.4700e+03,8.9871e-12
9.4800e+03,8.9793e-12
9.4900e+03,8.9715e-12
9.5000e+03,8.9637e-12
9.5100e+03,8.9561e-12
9.5200e+03,8.9486e-12
9.5300e+03,8.9415e-12
9.5400e+03,8.9346e-12
9.5500e+03,8.9282e-12
9.5600e+03,8.9223e-12
9.5700e+03,8.9170e-12
9.5800e+03,8.9123e-12
9.5900e+03,8.9084e-12
9.6000e+03,8.9052e-12
9.6100e+03,8.9027e-12
9.6200e+03,8.9011e-12
9.6300e+03,8.9002e-12
9.6400e+03,8.9002e-12
9.6500e+03,8.9009e-12
9.6600e+03,8.9024e-12
9.6700e+03,8.9045e-12
9.6800e+03,8.9072e-12
9.6900e+03,8.9104e-12
9.7000e+03,8.9141e-12
9.7100e+03,8.9182e-12
9.7200e+03,8.9227e-12
9.7300e+03,8.9274e-12
9.7400e+03,8.9324e-12
9.7500e+03,8.9377e-12
9.7600e+03,8.9431e-12
9.7700e+03,8.9488e-12
9.7800e+03,8.9548e-12
9.7900e+03,8.9611e-12
9.8000e+03,8.9677e-12
9.8100e+03,8.9748e-12
9.8200e+03,8.9824e-12
9.8300e+03,8.9906e-12
9.8400e+03,8.9995e-12
9.8500e+03,9.0091e-12
9.8600e+03,9.0195e-12
9.8700e+03,9.0309e-12
9.8800e+03,9.0432e-12
9.8900e+03,9.0564e-12
9.9000e+03,9.0706e-12
9.9100e+03,9.0859e-12
9.9200e+03,9.1020e-12
9.9300e+03,9.1191e-12
9.9400e+03,9.1370e-12
9.9500e+03,9.1558e-12
9.9600e+03,9.1752e-12
9.9700e+03,9.1952e-12
9.9800e+03,9.2158e-12
9.9900e+03,9.2368e-12
1.0000e+04,9.2580e-12
